1 4889
1 942
1 4671
1 776
1 5758
1 5451
1 11253
1 13587
1 5433
1 3593
1 7706
1 1806
1 8594
1 2589
1 12681
1 15708
1 14022
1 3821
1 6863
1 10505
1 1671
1 1665
1 5603
1 7561
1 12146
1 1832
1 15246
1 8346
1 7827
1 9162
1 10781
1 14379
1 10304
1 3646
1 12520
1 10699
1 10910
1 5372
1 13534
1 5633
1 2653
1 1236
1 11741
1 10766
1 11164
1 5591
1 16606
1 3127
1 8590
1 1611
1 3456
1 9453
1 6797
1 11837
1 2511
1 5344
1 5768
1 12468
1 15583
1 760
1 14090
1 247
1 13308
1 148
1 4695
1 13008
1 2822
1 3981
1 11468
1 15877
1 3710
1 8012
1 12390
1 14576
1 10608
1 4049
1 2164
1 12357
1 12830
1 2794
1 977
1 2752
1 7790
1 5261
1 8181
1 10031
1 4020
1 1826
1 4223
1 2901
1 7361
1 120
1 14102
1 1272
1 221
1 746
1 1948
1 1151
1 4079
1 4427
1 1784
1 5752
1 1875
1 10087
1 11092
1 1384
1 16271
1 6774
1 2032
1 1818
1 2560
1 106
1 280
1 6521
1 1027
1 8217
1 9399
1 15789
1 3782
1 4740
1 4484
1 3191
1 16069
1 10644
1 4671
1 2208
1 4966
1 2667
1 16095
1 11352
1 12523
1 16477
1 15751
1 5872
1 1729
1 481
1 7573
1 1317
1 5676
1 857
1 15874
1 11202
1 4331
1 9966
1 68
1 15847
1 9759
1 11922
1 199
1 4841
1 14808
1 1209
1 11095
1 14450
1 9347
1 427
1 13247
1 7486
1 2038
1 9309
1 1135
1 16757
1 1256
1 23
1 7339
1 16162
1 12468
1 1401
1 6868
1 10011
1 3349
1 544
1 8953
1 5006
1 1722
1 15682
1 3336
1 1130
1 5813
1 4441
1 11504
1 6075
1 39
1 1073
1 2902
1 9991
1 14177
1 15389
1 988
1 5313
1 356
1 2451
1 13505
1 9030
1 2826
1 16469
1 8224
1 3636
1 3591
1 13893
1 13694
1 16015
1 9631
1 15111
1 16467
1 6310
1 11571
1 4880
1 1885
1 5937
1 2007
1 2235
1 7687
1 5988
1 1141
1 1620
1 7167
1 2203
1 12109
1 5211
1 4200
1 252
1 2330
1 3710
1 9243
1 13568
1 3079
1 5012
1 1005
1 856
1 861
1 7112
1 8679
1 15248
1 4557
1 16947
1 1602
1 15582
1 10952
1 14475
1 5854
1 1918
1 8419
1 12523
1 9358
1 6850
1 16342
1 3431
1 12237
1 8754
1 10713
1 3708
1 15609
1 14415
1 12339
1 10272
1 10332
1 10036
1 3130
1 4824
1 8990
1 9276
1 5729
1 5923
1 1665
1 9847
1 16043
1 726
1 3849
1 5528
1 8370
1 9845
1 15313
1 9229
1 14396
1 16493
1 28
1 8531
1 4179
1 329
1 4580
1 11197
1 6018
1 2539
1 11510
1 7583
1 1100
1 4576
1 15749
1 13619
1 3337
1 7434
1 559
1 318
1 7837
1 1640
1 3776
1 8817
1 3514
1 1669
1 16250
1 2822
1 13634
1 6975
1 15672
1 12634
1 10123
1 8716
1 2887
1 8952
1 4229
1 15878
1 3733
1 2920
1 12842
1 15624
1 7847
1 933
1 226
1 50
1 9639
1 3093
1 4966
1 7788
1 8063
1 135
1 9773
1 13443
1 39
1 12171
1 7585
1 450
1 917
1 6209
1 15984
1 10065
1 14022
1 3603
1 14789
1 2768
1 1122
1 14365
1 13652
1 988
1 11917
1 12602
1 8110
1 1995
1 9669
1 8875
1 16483
1 762
1 14132
1 7445
1 4778
1 7444
1 332
1 16449
1 6852
1 15714
1 10837
1 1521
1 5388
1 1424
1 5034
1 5410
1 1399
1 4130
1 5054
1 5582
1 13556
1 76
1 15651
1 7840
1 9124
1 6505
1 15330
1 8303
1 2000
1 5223
1 5446
1 14915
1 4225
1 14877
1 838
1 11701
1 11328
1 5723
1 3890
1 8878
1 2636
1 14894
1 10590
1 12883
1 5408
1 13908
1 2441
1 956
1 10876
1 9605
1 6664
1 2097
1 10262
1 15398
1 3808
1 3928
1 778
1 2856
1 8330
1 4875
1 1226
1 14108
1 15578
1 150
1 1009
1 14782
1 2629
1 5266
1 11555
1 3617
1 5332
1 9972
1 3414
1 2203
1 1020
1 252
1 14392
1 7197
1 11483
1 4137
1 3686
1 8721
1 6063
1 2895
1 8873
1 11588
1 176
1 14655
1 7622
1 7826
1 7607
1 9683
1 6404
1 1888
1 1712
1 1439
1 10548
1 6733
1 2788
1 15749
1 1130
1 582
1 16752
1 12807
1 11048
1 9130
1 4984
1 4137
1 10541
1 3790
1 16848
1 436
1 14005
1 9103
1 7962
1 11328
1 16529
1 1166
1 14384
1 10954
1 13787
1 5304
1 11718
1 13944
1 13250
1 14998
1 3658
1 5526
1 2314
1 16066
1 13228
1 13098
1 1344
1 4180
1 11186
1 628
1 767
1 15101
1 13696
1 8177
1 6214
1 5255
1 2615
1 11534
1 1338
1 8452
1 507
1 499
1 12552
1 4728
1 11699
1 1113
1 10046
1 962
1 6925
1 9143
1 1777
1 6938
1 14208
1 11914
1 4795
1 3351
1 833
1 4604
1 2715
1 486
1 3050
1 8728
1 831
1 2848
1 3781
1 10848
1 7943
1 5981
1 881
1 3029
1 14379
1 6629
1 1324
1 5129
1 5280
1 4775
1 11413
1 10811
1 435
1 15412
1 1199
1 1006
1 7007
1 13106
1 16706
1 10777
1 3645
1 9047
1 1910
1 6667
1 5711
1 2686
1 5570
1 7253
1 199
1 9465
1 13820
1 7908
1 1980
1 14292
1 10066
1 10296
1 10444
1 290
1 12774
1 4018
1 7942
1 8442
1 1389
1 4991
1 1538
1 3736
1 2876
1 8020
1 7755
1 12843
1 15150
1 470
1 3734
1 2240
1 13714
1 1076
1 14669
1 6541
1 5282
1 9981
1 9934
1 11205
1 4764
1 2970
1 12187
1 5813
1 5516
1 9322
1 23
1 7434
1 9457
1 16396
1 6522
1 7467
1 1755
1 9581
1 3904
1 15865
1 8703
1 5565
1 1665
1 1366
1 490
1 4479
1 9028
1 14607
1 8160
1 6071
1 13362
1 9026
1 483
1 7314
1 16405
1 809
1 8500
1 15458
1 16043
1 8484
1 9001
1 2488
1 5570
1 4
1 2287
1 1785
1 14017
1 12571
1 16157
1 3686
1 2505
1 15287
1 2418
1 13028
1 12022
1 16
1 14364
1 2485
1 16127
1 5900
1 4669
1 10488
1 15870
1 2087
1 1688
1 13414
1 13253
1 652
1 1081
1 15830
1 9646
1 4832
1 15950
1 64
1 13755
1 709
1 1629
1 906
1 11588
1 906
1 9592
1 2096
1 1176
1 5058
1 2523
1 917
1 2030
1 880
1 1069
1 6737
1 8680
1 10589
1 9584
1 8630
1 5801
1 8384
1 2112
1 12262
1 2433
1 3462
1 3981
1 35
1 10459
1 4179
1 2342
1 16025
1 5400
1 684
1 2914
1 5913
1 1227
1 9437
1 15473
1 3914
1 15730
1 5998
1 29
1 570
1 11004
1 1416
1 4450
1 7831
1 13037
1 666
1 13640
1 7358
1 8846
1 13782
1 2806
1 11557
1 10593
1 691
1 13673
1 11082
1 6759
1 15547
1 7208
1 121
1 1135
1 11939
1 16520
1 5725
1 9343
1 2230
1 4432
1 2411
1 2782
1 12335
1 4023
1 1005
1 7694
1 1733
1 9660
1 3176
1 13520
1 2365
1 1919
1 1123
1 13607
1 2325
1 8420
1 2971
1 4509
1 4081
1 3924
1 3675
1 6682
1 7786
1 2492
1 2969
1 10221
1 1898
1 13135
1 16145
1 14398
1 3516
1 1137
1 13136
1 936
1 8777
1 3039
1 4689
1 2927
1 7984
1 5067
1 582
1 6994
1 3688
1 904
1 10068
1 6484
1 13651
1 4731
1 8315
1 3010
1 15441
1 4676
1 270
1 15914
1 6133
1 8593
1 1157
1 2552
1 63
1 13656
1 10714
1 11867
1 12439
1 1181
1 501
1 6834
1 2624
1 10709
1 9705
1 12620
1 3832
1 12344
1 8233
1 6479
1 6173
1 9590
1 1793
1 12456
1 7794
1 4146
1 15760
1 8443
1 9271
1 963
1 9454
1 2204
1 920
1 14291
1 1723
1 5638
1 4023
1 16241
1 10546
1 3866
1 5052
1 538
1 101
1 16524
1 7121
1 2589
1 2809
1 11235
1 9660
1 5854
1 16606
1 615
1 11663
1 3591
1 1064
1 9191
1 239
1 16216
1 16493
1 3247
1 10581
1 13063
1 11701
1 8634
1 15969
1 11085
1 1735
1 1475
1 5333
1 7558
1 466
1 4817
1 5974
1 6826
1 15510
1 1691
1 1538
1 9760
1 2545
1 8728
1 1279
1 14309
1 2446
1 13639
1 2448
1 14523
1 13552
1 814
1 11090
1 666
1 8759
1 15836
1 13683
1 7722
1 7088
1 3707
1 2521
1 9020
1 15677
1 11642
1 5678
1 10787
1 4117
1 2876
1 5305
1 6951
1 888
1 3070
1 5772
1 4247
1 6323
1 12933
1 12367
1 3072
1 15988
1 14955
1 746
1 4056
1 10075
1 3544
1 3490
1 807
1 9578
1 7563
1 4040
1 1684
1 1831
1 10513
1 5161
1 7170
1 954
1 9216
1 15870
1 8680
1 3128
1 13873
1 11828
1 12490
1 1983
1 7541
1 1657
1 3784
1 6360
1 5527
1 2369
1 4581
1 7740
1 9206
1 170
1 11078
1 11722
1 1403
1 2365
1 12875
1 6303
1 3341
1 7350
1 9659
1 12217
1 2784
1 549
1 6437
1 16839
1 7528
1 8954
1 432
1 13153
1 672
1 2656
1 16111
1 2944
1 11724
1 2201
1 15869
1 9955
1 8781
1 16287
1 1461
1 3929
1 133
1 3268
1 3522
1 4980
1 1741
1 8224
1 3513
1 9442
1 2393
1 7611
1 14623
1 12928
1 15673
1 4421
1 9354
1 4269
1 176
1 8267
1 10748
1 3528
1 3846
1 243
1 13809
1 15815
1 7836
1 15788
1 13251
1 4689
1 8012
1 12576
1 8175
1 917
1 6820
1 16156
1 1162
1 1627
1 6465
1 11097
1 8303
1 547
1 4579
1 10024
1 7924
1 16155
1 11249
1 11758
1 4516
1 10488
1 5419
1 1191
1 12041
1 15029
1 14644
1 5429
1 15361
1 4865
1 10784
1 9176
1 6781
1 13648
1 5929
1 24
1 11142
1 11490
1 7917
1 10083
1 11889
1 13787
1 226
1 9770
1 12203
1 1477
1 13586
1 8237
1 5927
1 13314
1 13326
1 14046
1 7230
1 13364
1 4343
1 15344
1 1415
1 400
1 5448
1 7104
1 12650
1 1141
1 10701
1 3746
1 2865
1 103
1 13862
1 11073
1 1666
1 6560
1 8126
1 1178
1 10363
1 247
1 13561
1 9367
1 6495
1 14544
1 8810
1 2470
1 10454
1 11325
1 1927
1 8158
1 13024
1 16148
1 15659
1 16607
1 8388
1 6789
1 1922
1 6942
1 8939
1 9306
1 4820
1 10936
1 11248
1 13890
1 8271
1 12095
1 11567
1 2917
1 6896
1 6064
1 11583
1 1191
1 7507
1 8731
1 13279
1 13883
1 14700
1 2712
1 3910
1 7313
1 13333
1 10524
1 13786
1 6716
1 2448
1 1160
1 7836
1 6087
1 11808
1 13754
1 16104
1 4293
1 3103
1 5435
1 16439
1 7812
1 14
1 276
1 1356
1 11584
1 5069
1 6282
1 2411
1 5276
1 12571
1 462
1 13663
1 9941
1 6882
1 8414
1 13431
1 6987
1 1263
1 3703
1 250
1 4160
1 15866
1 15184
1 12601
1 14118
1 9873
1 14264
1 4146
1 15421
1 3089
1 1104
1 14635
1 3814
1 348
1 14805
1 3981
1 10611
1 3804
1 1346
1 9790
1 13186
1 7788
1 7043
1 2578
1 3949
1 12186
1 7715
1 11505
1 5267
1 12754
1 1350
1 6541
1 13576
1 6669
1 4824
1 4746
1 12390
1 861
1 1673
1 1136
1 3467
1 4412
1 8557
1 2591
1 1632
1 4407
1 5183
1 9852
1 8957
1 9286
1 9391
1 4647
1 7856
1 11716
1 3983
1 12439
1 1690
1 10370
1 2962
1 2038
1 8447
1 12066
1 5413
1 5747
1 11262
1 2596
1 13944
1 829
1 6847
1 11264
1 13768
1 15073
1 2628
1 5664
1 1941
1 876
1 8960
1 2794
1 10541
1 16172
1 13715
1 2462
1 6412
1 6047
1 1483
1 4045
1 1776
1 10008
1 7025
1 914
1 888
1 6711
1 2575
1 7938
1 390
1 628
1 7471
1 7457
1 3249
1 7860
1 4658
1 1200
1 8951
1 5450
1 3628
1 2392
1 12643
1 12318
1 1027
1 9347
1 11657
1 3058
1 1439
1 2443
1 13326
1 11708
1 2303
1 7940
1 910
1 7592
1 7882
1 220
1 12312
1 735
1 13710
1 8317
1 11447
1 3981
1 4820
1 6044
1 12775
1 1700
1 908
1 382
1 2216
1 3563
1 14758
1 12571
1 4258
1 10925
1 549
1 4744
1 3746
1 3606
1 5104
1 4687
1 9437
1 9987
1 1172
1 2040
1 2682
1 7135
1 6407
1 5287
1 14219
1 13369
1 2125
1 6541
1 4959
1 325
1 5092
1 14523
1 6738
1 16246
1 15903
1 5104
1 864
1 8756
1 11179
1 15580
1 309
1 9099
1 14966
1 14502
1 9174
1 13220
1 2240
1 8790
1 1377
1 1928
1 13700
1 407
1 9063
1 6703
1 5467
1 10934
1 16320
1 4076
1 1936
1 15226
1 2315
1 2113
1 4788
1 460
1 4459
1 1400
1 15068
1 9317
1 453
1 7642
1 2537
1 13908
1 12548
1 13518
1 12832
1 15522
1 149
1 9618
1 663
1 7270
1 9372
1 16659
1 14391
1 9943
1 11180
1 3454
1 13622
1 8745
1 9998
1 1191
1 519
1 484
1 2433
1 4779
1 2432
1 12242
1 11459
1 12393
1 14508
1 5412
1 525
1 7604
1 3486
1 8985
1 8933
1 7115
1 4098
1 137
1 14601
1 13815
1 2257
1 5779
1 10347
1 13301
1 1278
1 921
1 12344
1 5518
1 14268
1 3859
1 11818
1 5152
1 4329
1 10921
1 14018
1 8552
1 9568
1 11282
1 15796
1 5868
1 10906
1 13598
1 68
1 5526
1 245
1 9312
1 8819
1 2166
1 8342
1 13778
1 15984
1 2998
1 2344
1 6422
1 15260
1 2803
1 8391
1 15815
1 5803
1 9088
1 9240
1 10691
1 4497
1 15682
1 8702
1 1184
1 16884
1 3891
1 16303
1 10442
1 1928
1 9868
1 12915
1 4056
1 2319
1 11214
1 12536
1 14027
1 1557
1 1798
1 9671
1 14036
1 8750
1 8542
1 856
1 556
1 6169
1 3626
1 12849
1 12704
1 2389
1 12960
1 3373
1 1440
1 7301
1 13759
1 5564
1 5959
1 4833
1 16383
1 6637
1 10442
1 7786
1 10354
1 7096
1 8255
1 1498
1 10257
1 11209
1 4548
1 9754
1 13680
1 13217
1 10099
1 2368
1 5417
1 14607
1 8459
1 249
1 5292
1 5877
1 3598
1 9921
1 13714
1 475
1 2140
1 3775
1 8964
1 2236
1 4465
1 4414
1 12690
1 2167
1 10377
1 71
1 12417
1 12329
1 4175
1 14109
1 12290
1 16738
1 16877
1 2127
1 2167
1 2464
1 6064
1 14589
1 9134
1 5397
1 1162
1 8409
1 3546
1 8776
1 6848
1 800
1 14753
1 16731
1 6386
1 8860
1 1459
1 8519
1 3059
1 4212
1 4865
1 3113
1 12885
1 2582
1 11736
1 1608
1 12010
1 5433
1 9920
1 10143
1 7940
1 1192
1 8160
1 8501
1 1500
1 9790
1 2241
1 3709
1 2330
1 6288
1 3126
1 5855
1 4776
1 448
1 5936
1 5814
1 9558
1 5600
1 7110
1 10491
1 12842
1 13649
1 11959
1 3776
1 9146
1 13632
1 6398
1 9791
1 8422
1 1084
1 4379
1 15097
1 2101
1 7270
1 9357
1 2555
1 2149
1 225
1 7421
1 5254
1 13617
1 3567
1 14442
1 4820
1 13302
1 2717
1 4703
1 8089
1 13639
1 7501
1 11586
1 4030
1 12751
1 8326
1 13262
1 5566
1 10043
1 335
1 12705
1 5518
1 5222
1 1198
1 5678
1 14739
1 13002
1 9635
1 1315
1 1115
1 6844
1 14256
1 6621
1 4698
1 4869
1 3922
1 5863
1 13664
1 2666
1 8348
1 1986
1 7656
1 7329
1 12185
1 13067
1 10039
1 4777
1 466
1 2776
1 8238
1 7932
1 243
1 1785
1 16380
1 1013
1 9742
1 15267
1 2833
1 1900
1 8518
1 8477
1 5395
1 11100
1 9848
1 7881
1 9374
1 4786
1 8179
1 13632
1 5971
1 1429
1 15728
1 8354
1 880
1 1341
1 1830
1 16356
1 10305
1 10070
1 1855
1 5696
1 8791
1 7358
1 1590
1 8960
1 14143
1 8142
1 7688
1 13235
1 1473
1 5419
1 14697
1 995
1 1646
1 13714
1 12082
1 2902
1 7248
1 2785
1 8628
1 8308
1 3201
1 2473
1 16484
1 6563
1 1175
1 3491
1 5055
1 8271
1 6897
1 2449
1 6339
1 13134
1 8231
1 4289
1 2296
1 14164
1 406
1 671
1 15757
1 12982
1 198
1 9091
1 16045
1 3094
1 12084
1 1272
1 16390
1 9845
1 15358
1 7927
1 8659
1 9206
1 11634
1 949
1 6847
1 11091
1 14462
1 563
1 15223
1 8580
1 6383
1 5630
1 1104
1 1324
1 1839
1 12264
1 832
1 43
1 4281
1 9392
1 4185
1 13210
1 3392
1 10225
1 7052
1 4831
1 1955
1 8406
1 3667
1 11922
1 3102
1 5478
1 1476
1 14722
1 618
1 4573
1 7494
1 15414
1 8068
1 3994
1 14065
1 14414
1 5849
1 2226
1 12480
1 1882
1 5146
1 11667
1 4239
1 8346
1 1548
1 2128
1 1090
1 9379
1 14997
1 7962
1 2426
1 13222
1 8800
1 16433
1 2
1 11273
1 6273
1 4167
1 201
1 5758
1 7646
1 16502
1 3809
1 180
1 7000
1 3032
1 2465
1 2211
1 2032
1 13489
1 4774
1 2025
1 3504
1 3319
1 10772
1 8504
1 8413
1 9966
1 7235
1 5899
1 8654
1 1439
1 6541
1 2240
1 715
1 380
1 7517
1 2997
1 3230
1 2411
1 6134
1 3996
1 1944
1 13377
1 10503
1 10327
1 1181
1 9648
1 7532
1 4006
1 6287
1 8523
1 2985
1 9185
1 7783
1 10400
1 8601
1 14636
1 2274
1 9677
1 6852
1 10611
1 16890
1 10550
1 7860
1 247
1 16779
1 8334
1 1995
1 15714
1 13780
1 2461
1 10535
1 8978
1 974
1 12237
1 9201
1 7823
1 8415
1 655
1 2221
1 10592
1 4870
1 5941
1 3981
1 15526
1 1441
1 12526
1 2302
1 6562
1 13233
1 3981
1 1982
1 10910
1 3711
1 7094
1 13443
1 11119
1 1115
1 1502
1 11307
1 8744
1 8644
1 10262
1 12800
1 8423
1 2167
1 176
1 10953
1 6645
1 9026
1 2722
1 5566
1 2323
1 1775
1 7938
1 10555
1 686
1 268
1 1493
1 2966
1 2547
1 7003
1 10623
1 4839
1 13565
1 12857
1 15741
1 236
1 2737
1 7449
1 11132
1 628
1 1039
1 13329
1 5043
1 5259
1 11100
1 16052
1 12174
1 13693
1 243
1 11156
1 14495
1 767
1 11100
1 655
1 954
1 6605
1 13877
1 11967
1 6030
1 3424
1 11514
1 3288
1 7188
1 14586
1 10345
1 1219
1 837
1 383
1 3169
1 6977
1 8660
1 13492
1 1068
1 3745
1 3510
1 12509
1 668
1 11816
1 12267
1 13842
1 5990
1 7200
1 10509
1 777
1 9331
1 13815
1 7723
1 7421
1 9428
1 14607
1 528
1 7003
1 15812
1 4008
1 3028
1 1470
1 12453
1 7390
1 9150
1 6571
1 10250
1 5912
1 7117
1 7457
1 9644
1 3516
1 8872
1 10794
1 11594
1 14647
1 1898
1 10305
1 9026
1 1032
1 5864
1 525
1 5194
1 1002
1 8309
1 8553
1 1372
1 16765
1 12890
1 8173
1 2216
1 2128
1 1722
1 11606
1 14429
1 493
1 12986
1 4993
1 16384
1 6600
1 14350
1 3108
1 16190
1 5222
1 15996
1 989
1 10836
1 2596
1 14016
1 1270
1 7384
1 13534
1 1134
1 13681
1 9691
1 1552
1 14628
1 3756
1 15286
1 4192
1 11870
1 12475
1 7091
1 11518
1 7898
1 1153
1 4736
1 7356
1 1795
1 16335
1 1776
1 9133
1 7487
1 10660
1 9878
1 15882
1 7083
1 9926
1 8413
1 2808
1 4763
1 14458
1 14564
1 14930
1 3440
1 11955
1 7038
1 13630
1 7021
1 10079
1 3441
1 12999
1 14600
1 13595
1 10295
1 6606
1 13883
1 63
1 3609
1 14911
1 1400
1 13576
1 7298
1 12447
1 2515
1 9543
1 7265
1 6541
1 7790
1 16663
1 5244
1 15397
1 1334
1 1009
1 3583
1 11515
1 9259
1 2321
1 5963
1 14040
1 9835
1 7457
1 12330
1 5175
1 1003
1 47
1 14804
1 2928
1 2485
1 12743
1 6410
1 5077
1 13736
1 7167
1 1950
1 1419
1 8573
1 14506
1 9266
1 15633
1 3943
1 6424
1 3436
1 5532
1 16017
1 11783
1 3763
1 1502
1 11174
1 11259
1 2778
1 1419
1 15875
1 15974
1 13718
1 12675
1 16844
1 15389
1 1502
1 6414
1 5791
1 6766
1 11371
1 5991
1 5096
1 2715
1 4695
1 1176
1 3628
1 11132
1 14631
1 13573
1 4170
1 15075
1 12264
1 3353
1 4569
1 12733
1 4775
1 12648
1 13059
1 7015
1 3172
1 7130
1 15124
1 1192
1 5298
1 14829
1 13059
1 120
1 4518
1 3129
1 1929
1 5963
1 12881
1 3
1 16069
1 3671
1 5605
1 4731
1 12498
1 5913
1 5506
1 477
1 14465
1 10318
1 13712
1 17
1 11204
1 14375
1 1991
1 7612
1 10079
1 15441
1 3281
1 9203
1 3646
1 5175
1 15524
1 1157
1 3926
1 11675
1 2232
1 2815
1 4117
1 16042
1 6062
1 2211
1 4450
1 1500
1 4972
1 6473
1 2834
1 13969
1 102
1 15328
1 1983
1 13757
1 11260
1 1179
1 9219
1 4641
1 12744
1 12040
1 7289
1 533
1 3411
1 13995
1 6370
1 13357
1 13637
1 11849
1 3687
1 4161
1 874
1 3852
1 13643
1 273
1 16758
1 4700
1 7924
1 1425
1 7518
1 7679
1 4082
1 16402
1 4385
1 9667
1 16453
1 328
1 14716
1 3307
1 8525
1 4281
1 12932
1 400
1 13635
1 9600
1 180
1 6939
1 13812
1 4467
1 1900
1 5357
1 3030
1 12
1 8899
1 3833
1 7662
1 1192
1 9334
1 15256
1 3617
1 9068
1 1234
1 5336
1 3961
1 14910
1 1712
1 968
1 16621
1 4756
1 914
1 4426
1 3537
1 3244
1 14274
1 11959
1 9989
1 1935
1 5802
1 987
1 212
1 11286
1 1953
1 9886
1 4701
1 1929
1 3630
1 13052
1 6856
1 9788
1 2083
1 6300
1 161
1 1537
1 12667
1 937
1 15334
1 4568
1 13911
1 12996
1 13916
1 9052
1 11328
1 7137
1 13190
1 9457
1 8478
1 13103
1 1986
1 7255
1 6790
1 8799
1 4871
1 13774
1 11068
1 13685
1 1596
1 8448
1 2715
1 11138
1 8447
1 5911
1 11524
1 12829
1 7076
1 3091
1 13549
1 10486
1 14332
1 12446
1 13626
1 3267
1 7806
1 657
1 10444
1 3145
1 11653
1 8672
1 14087
1 10071
1 776
1 233
1 12063
1 10994
1 2211
1 10767
1 16146
1 453
1 2411
1 16861
1 5913
1 6343
1 6473
1 2588
1 14043
1 5486
1 6091
1 142
1 1418
1 8251
1 1910
1 5471
1 2438
1 11039
1 4781
1 9799
1 2574
1 3436
1 926
1 435
1 13374
1 14607
1 4516
1 484
1 3981
1 13768
1 13232
1 7606
1 4045
1 6668
1 851
1 8659
1 13011
1 1980
1 7662
1 3210
1 4924
1 12760
1 6286
1 15192
1 6458
1 16278
1 979
1 243
1 7169
1 7329
1 277
1 14573
1 7049
1 15005
1 87
1 8323
1 1232
1 3762
1 10272
1 3814
1 7135
1 987
1 888
1 10091
1 10183
1 8909
1 5291
1 184
1 6811
1 2292
1 2475
1 13938
1 14943
1 3048
1 2794
1 7543
1 2088
1 11575
1 15568
1 9384
1 15818
1 1454
1 10986
1 13164
1 7350
1 3585
1 807
1 14845
1 10555
1 4243
1 9470
1 1196
1 271
1 1190
1 5973
1 81
1 1752
1 1090
1 7105
1 13106
1 5607
1 5362
1 7119
1 10065
1 4391
1 2715
1 573
1 2817
1 1557
1 2532
1 16395
1 9392
1 11878
1 12348
1 8710
1 9978
1 14539
1 13902
1 2687
1 16084
1 13584
1 10102
1 3162
1 9373
1 15017
1 12461
1 3745
1 13700
1 16380
1 7161
1 770
1 9177
1 2667
1 2783
1 6506
1 6842
1 13899
1 5628
1 7488
1 5584
1 15503
1 10378
1 4613
1 11033
1 2466
1 7163
1 7301
1 3986
1 43
1 6495
1 5199
1 15488
1 11049
1 2375
1 3981
1 6296
1 3118
1 7630
1 14620
1 4211
1 446
1 4581
1 4925
1 5725
1 7202
1 16493
1 15550
1 211
1 16083
1 3179
1 428
1 10092
1 13846
1 14623
1 6757
1 15481
1 4030
1 12278
1 896
1 6597
1 9116
1 2419
1 2895
1 13760
1 754
1 3564
1 2584
1 14562
1 5038
1 15267
1 5448
1 424
1 521
1 12213
1 12068
1 283
1 4769
1 4289
1 4950
1 1903
1 11518
1 8036
1 5267
1 13009
1 11343
1 307
1 10700
1 3759
1 2175
1 1213
1 1353
1 4011
1 12141
1 845
1 4028
1 11721
1 16882
1 6051
1 7492
1 14637
1 7911
1 11640
1 10104
1 6127
1 1658
1 3497
1 4908
1 1849
1 490
1 3188
1 507
1 4904
1 11081
1 15409
1 5817
1 13639
1 10344
1 6617
1 16439
1 16296
1 7764
1 16825
1 1191
1 12416
1 9148
1 6850
1 1806
1 1115
1 13351
1 4461
1 485
1 8525
1 6271
1 5211
1 119
1 3317
1 64
1 4803
1 15645
1 10852
1 13858
1 11251
1 10950
1 2332
1 16520
1 12915
1 14960
1 8420
1 10029
1 208
1 11021
1 2645
1 11013
1 2992
1 12660
1 10154
1 5490
1 2593
1 8273
1 1538
1 1209
1 10768
1 13110
1 1631
1 905
1 1414
1 5621
1 1920
1 10091
1 13639
1 2057
1 6320
1 6240
1 9989
1 3843
1 5840
1 13472
1 16781
1 777
1 1122
1 262
1 9327
1 1835
1 7692
1 4831
1 10587
1 8805
1 3935
1 1243
1 14424
1 2671
1 5909
1 7565
1 4365
1 13759
1 11515
1 7775
1 1675
1 7579
1 10716
1 13320
1 7574
1 5735
1 8875
1 2667
1 3574
1 5180
1 1261
1 917
1 476
1 7025
1 935
1 6677
1 11600
1 9971
1 15113
1 10866
1 4734
1 16045
1 1189
1 4290
1 6394
1 5451
1 13479
1 1446
1 5283
1 14776
1 6798
1 7898
1 5317
1 972
1 2711
1 6060
1 2588
1 11457
1 13530
1 3204
1 11073
1 4050
1 405
1 9713
1 12526
1 2227
1 12236
1 6237
1 13715
1 14960
1 3966
1 310
1 11983
1 6968
1 15354
1 14268
1 417
1 2025
1 4702
1 906
1 10434
1 2162
1 7096
1 1846
1 6129
1 1752
1 10307
1 4179
1 2592
1 6697
1 7040
1 3528
1 13125
1 11645
1 8161
1 1909
1 13669
1 3981
1 10281
1 3260
1 1090
1 14582
1 16685
1 8847
1 5167
1 6850
1 15702
1 13907
1 16617
1 2462
1 5778
1 1626
1 11567
1 7032
1 16595
1 12887
1 6510
1 15252
1 11081
1 16353
1 6436
1 6572
1 1663
1 1741
1 1662
1 9816
1 6761
1 7290
1 16713
1 8996
1 1027
1 10751
1 1766
1 11989
1 5672
1 5
1 16687
1 677
1 6398
1 27
1 14255
1 150
1 943
1 888
1 4946
1 12441
1 15553
1 10444
1 9382
1 1059
1 987
1 6297
1 2914
1 3749
1 10085
1 3987
1 7348
1 13815
1 454
1 2866
1 4528
1 12687
1 8619
1 16090
1 4008
1 239
1 4860
1 7791
1 2452
1 10297
1 2720
1 3185
1 7743
1 16568
1 11544
1 11718
1 4373
1 972
1 9485
1 2044
1 5839
1 6104
1 11947
1 10385
1 1122
1 830
1 8860
1 2042
1 2418
1 13717
1 1706
1 1194
1 1197
1 10444
1 369
1 4394
1 5287
1 2437
1 3980
1 6971
1 4306
1 10628
1 1499
1 593
1 9478
1 6573
1 3110
1 9647
1 13747
1 12167
1 5693
1 1453
1 4657
1 1192
1 9367
1 11651
1 2101
1 962
1 1213
1 7915
1 792
1 2428
1 14303
1 16344
1 1676
1 15930
1 12464
1 7947
1 8404
1 11672
1 1203
1 7940
1 6268
1 1665
1 917
1 9309
1 13669
1 132
1 517
1 5738
1 12244
1 380
1 9765
1 12470
1 4240
1 1510
1 2404
1 3808
1 3981
1 2684
1 13299
1 5002
1 3052
1 8491
1 13748
1 2945
1 1372
1 4898
1 1689
1 4501
1 13972
1 10648
1 8181
1 5677
1 11248
1 264
1 10539
1 1998
1 9456
1 38
1 8421
1 7674
1 4678
1 10023
1 2240
1 14391
1 2895
1 5095
1 16969
1 7406
1 13398
1 8335
1 13499
1 13584
1 5013
1 5944
1 9251
1 12734
1 2220
1 1188
1 9987
1 12914
1 4620
1 14228
1 1117
1 11742
1 1665
1 5243
1 1888
1 1749
1 2647
1 10620
1 8174
1 718
1 3282
1 7344
1 13495
1 5848
1 6826
1 14419
1 977
1 16902
1 704
1 9105
1 684
1 8237
1 5682
1 14917
1 655
1 8071
1 1710
1 9228
1 10044
1 1383
1 12270
1 12571
1 2047
1 267
1 8395
1 1194
1 10530
1 1170
1 8087
1 10843
1 13321
1 9679
1 29
1 10221
1 7694
1 13561
1 14877
1 12671
1 12283
1 16320
1 1058
1 1794
1 4554
1 16
1 4190
1 5278
1 5570
1 15878
1 14413
1 2723
1 5888
1 234
1 9063
1 7866
1 14508
1 16045
1 6815
1 13000
1 9614
1 6661
1 2840
1 11678
1 1181
1 16432
1 9942
1 10995
1 14858
1 4052
1 7445
1 3506
1 1881
1 4318
1 3213
1 2553
1 245
1 16478
1 2530
1 3941
1 14916
1 1659
1 4266
1 12681
1 8276
1 4173
1 3007
1 9241
1 11769
1 6269
1 9243
1 13769
1 10590
1 4156
1 7142
1 5921
1 1141
1 824
1 9895
1 10653
1 4676
1 1527
1 1371
1 12537
1 5349
1 12602
1 1538
1 7436
1 14424
1 4780
1 15402
1 4135
1 2946
1 7490
1 12202
1 3133
1 13983
1 2289
1 6930
1 16475
1 15614
1 7763
1 2084
1 14121
1 5956
1 12111
1 415
1 1786
1 8103
1 2861
1 1675
1 52
1 16473
1 7504
1 5619
1 3808
1 6273
1 9591
1 9145
1 2832
1 4748
1 5171
1 8994
1 9241
1 1937
1 6472
1 11350
1 4818
1 8687
1 5026
1 8411
1 10646
1 11582
1 4307
1 8052
1 16133
1 551
1 3348
1 2223
1 9599
1 15567
1 3532
1 3944
1 3576
1 8386
1 16408
1 5409
1 656
1 14340
1 7420
1 8643
1 8282
1 5552
1 15364
1 4684
1 10505
1 9482
1 13333
1 14304
1 1179
1 4880
1 5657
1 4084
1 6878
1 10983
1 13266
1 918
1 8424
1 11105
1 7645
1 4171
1 12668
1 3637
1 13286
1 15825
1 4191
1 3181
1 15531
1 661
1 1192
1 11625
1 3288
1 14567
1 2021
1 1977
1 11309
1 2794
1 15913
1 9631
1 4572
1 7602
1 2193
1 5813
1 16205
1 848
1 2957
1 13482
1 128
1 9849
1 1200
1 1199
1 14955
1 2770
1 13503
1 7951
1 3780
1 6338
1 896
1 8410
1 6017
1 2674
1 5525
1 2549
1 2388
1 493
1 9281
1 9997
1 14621
1 12389
1 7001
1 6352
1 3272
1 6940
1 2489
1 14511
1 7572
1 6328
1 2928
1 15707
1 12492
1 8145
1 5781
1 2224
1 3804
1 8598
1 13098
1 888
1 660
1 14654
1 11771
1 14890
1 2471
1 2528
1 11284
1 16352
1 3053
1 13943
1 1165
1 75
1 16600
1 12866
1 10558
1 1153
1 6564
1 10121
1 3533
1 4
1 1394
1 705
1 4632
1 15787
1 12632
1 9783
1 13364
1 13218
1 15988
1 10496
1 7717
1 6784
1 2820
1 7225
1 4476
1 3102
1 14823
1 4003
1 3024
1 1896
1 1752
1 13301
1 2916
1 920
1 5863
1 2814
1 11205
1 16239
1 15086
1 437
1 12604
1 16
1 2632
1 6110
1 987
1 11388
1 12813
1 627
1 13630
1 7281
1 1014
1 6617
1 549
1 3236
1 2544
1 2350
1 11615
1 3642
1 6860
1 2749
1 4604
1 12805
1 2390
1 10157
1 5333
1 2990
1 10315
1 13768
1 6432
1 11887
1 2277
1 2350
1 9063
1 3920
1 9096
1 1161
1 2794
1 7369
1 4062
1 13662
1 2500
1 3510
1 10515
1 12342
1 15397
1 16472
1 4823
1 7176
1 10117
1 13029
1 6780
1 767
1 16542
1 8751
1 1032
1 6992
1 6922
1 220
1 15087
1 10522
1 14914
1 6031
1 9756
1 9771
1 5336
1 175
1 10998
1 520
1 14018
1 10337
1 16355
1 2496
1 6400
1 11567
1 7148
1 13120
1 2671
1 14256
1 11099
1 10304
1 1938
1 7049
1 13052
1 888
1 755
1 8735
1 3995
1 3899
1 333
1 2793
1 7170
1 4234
1 2662
1 13832
1 15998
1 10036
1 11758
1 4206
1 16445
1 3858
1 1670
1 7494
1 7151
1 3170
1 1199
1 12726
1 9790
1 10743
1 8375
1 13180
1 5672
1 5346
1 13247
1 1406
1 14155
1 1134
1 13450
1 1900
1 5367
1 1542
1 3302
1 7250
1 9714
1 6095
1 12323
1 13511
1 14693
1 11845
1 1484
1 3325
1 2211
1 10767
1 1937
1 12379
1 5814
1 15854
1 13638
1 3718
1 12468
1 6127
1 5267
1 15309
1 15129
1 13749
1 10391
1 3677
1 897
1 4842
1 2312
1 10001
1 10315
1 2755
1 9828
1 7032
1 3607
1 3779
1 12914
1 10809
1 3914
1 2308
1 1665
1 14605
1 11339
1 7646
1 14194
1 1960
1 13635
1 10137
1 9220
1 5019
1 9381
1 3326
1 11531
1 8625
1 889
1 3482
1 15051
1 12467
1 4547
1 10483
1 111
1 10034
1 1974
1 7364
1 10893
1 3649
1 5752
1 2766
1 5610
1 2687
1 12833
1 521
1 3591
1 2221
1 16373
1 2987
1 6337
1 9384
1 15577
1 8303
1 15113
1 16318
1 4729
1 13642
1 6217
1 16892
1 1203
1 1272
1 11730
1 13511
1 7622
1 7790
1 5546
1 4435
1 2500
1 10988
1 11867
1 3150
1 755
1 12487
1 1090
1 2920
1 12709
1 11126
1 15838
1 5928
1 1742
1 9590
1 8188
1 7731
1 377
1 4080
1 12312
1 3698
1 981
1 1022
1 3925
1 5256
1 1183
1 13698
1 7395
1 10056
1 13698
1 8029
1 8877
1 1317
1 4828
1 6126
1 14607
1 3540
1 2655
1 2250
1 11285
1 3835
1 1673
1 16450
1 2590
1 1371
1 12011
1 5612
1 5331
1 1794
1 14284
1 1109
1 6864
1 3185
1 2362
1 352
1 4657
1 2489
1 2226
1 12014
1 1004
1 14786
1 3436
1 8281
1 7416
1 11995
1 2785
1 3808
1 13452
1 781
1 10990
1 5937
1 6536
1 6746
1 2103
1 9264
1 13638
1 4106
1 17
1 10997
1 6087
1 15358
1 9252
1 7320
1 6055
1 1213
1 7467
1 3981
1 10483
1 2212
1 13994
1 4030
1 14182
1 14
1 504
1 5456
1 5011
1 10433
1 8674
1 370
1 5195
1 4112
1 862
1 16438
1 7466
1 15432
1 3809
1 11259
1 8754
1 7607
1 301
1 8983
1 10444
1 5772
1 2678
1 12157
1 7812
1 5554
1 2306
1 4705
1 10710
1 14607
1 7248
1 1568
1 731
1 16929
1 3732
1 4640
1 5708
1 14607
1 1667
1 8314
1 12535
1 8631
1 9206
1 4781
1 11223
1 16703
1 15844
1 4095
1 355
1 468
1 546
1 12693
1 7844
1 5796
1 13515
1 16388
1 12094
1 5962
1 13707
1 10091
1 14025
1 7545
1 15767
1 1673
1 15461
1 5243
1 15223
1 14
1 236
1 13442
1 6507
1 2969
1 13311
1 10647
1 10388
1 375
1 846
1 14781
1 1359
1 2715
1 4968
1 1108
1 7250
1 2786
1 12933
1 5519
1 2926
1 5945
1 13402
1 8199
1 5208
1 7025
1 12679
1 4132
1 4445
1 13055
1 5296
1 16928
1 9007
1 10872
1 2422
1 3239
1 10124
1 9418
1 4250
1 5034
1 14456
1 9966
1 11727
1 11547
1 6541
1 12109
1 8186
1 8964
1 5087
1 2787
1 11400
1 845
1 2895
1 2955
1 9243
1 8706
1 9723
1 13410
1 13477
1 12634
1 13557
1 8449
1 9454
1 3871
1 3394
1 13609
1 3763
1 8237
1 32
1 13687
1 4453
1 7978
1 12773
1 13661
1 3068
1 4699
1 2816
1 5034
1 7211
1 12743
1 3283
1 14314
1 8807
1 6258
1 12826
1 9025
1 2211
1 14930
1 13656
1 6843
1 17
1 7662
1 14819
1 5115
1 8071
1 7335
1 401
1 1338
1 12443
1 3441
1 6243
1 8139
1 2292
1 9399
1 4604
1 5103
1 11515
1 5801
1 13977
1 4686
1 16274
1 1586
1 142
1 13194
1 2006
1 1181
1 221
1 12590
1 6314
1 1113
1 6895
1 2588
1 15652
1 3208
1 6907
1 16182
1 4288
1 13367
1 10927
1 13074
1 5040
1 520
1 4282
1 8912
1 4587
1 13615
1 1380
1 6710
1 5757
1 5809
1 1287
1 12828
1 8136
1 3379
1 3915
1 16682
1 11328
1 10167
1 466
1 15983
1 2078
1 1822
1 15746
1 7453
1 2603
1 10655
1 9894
1 3495
1 1469
1 6442
1 13239
1 1584
1 14288
1 13136
1 9702
1 15036
1 2260
1 1568
1 477
1 14106
1 8572
1 10525
1 11138
1 12322
1 13459
1 1215
1 13931
1 577
1 8093
1 14293
1 1135
1 11654
1 12186
1 10453
1 3317
1 9708
1 12068
1 9126
1 14219
1 8429
1 8513
1 14205
1 390
1 7922
1 14171
1 15828
1 2269
1 3007
1 2651
1 5832
1 6555
1 1508
1 10200
1 12047
1 1469
1 1149
1 15286
1 16959
1 14608
1 14102
1 1706
1 98
1 7043
1 4728
1 16080
1 5203
1 5769
1 14565
1 11863
1 972
1 1862
1 12717
1 642
1 999
1 15276
1 12838
1 14544
1 15718
1 3377
1 3214
1 7031
1 4686
1 2269
1 10015
1 248
1 3351
1 15651
1 13693
1 4363
1 4404
1 8028
1 2907
1 6091
1 2659
1 6416
1 9252
1 416
1 8482
1 4108
1 12004
1 1402
1 1903
1 5595
1 16045
1 1891
1 15809
1 1179
1 9758
1 8160
1 251
1 4757
1 6460
1 6699
1 9240
1 5306
1 1485
1 15969
1 4228
1 4130
1 9103
1 15947
1 3806
1 6057
1 8229
1 4001
1 16506
1 13763
1 120
1 5835
1 6404
1 2414
1 1476
1 13768
1 4591
1 2628
1 11875
1 7429
1 11069
1 510
1 14940
1 1966
1 14
1 7410
1 2852
1 16456
1 4843
1 13123
1 5037
1 5854
1 5988
1 12254
1 13782
1 4162
1 1804
1 13942
1 10584
1 10752
1 10177
1 7687
1 6562
1 9124
1 3783
1 14192
1 4298
1 11370
1 8608
1 15214
1 4594
1 3790
1 1012
1 13332
1 7545
1 5283
1 6951
1 2477
1 7624
1 5192
1 4636
1 6334
1 2711
1 749
1 744
1 1779
1 4313
1 828
1 12574
1 13778
1 11732
1 1243
1 2726
1 7867
1 4038
1 3721
1 4084
1 13364
1 1293
1 11664
1 5882
1 13515
1 2828
1 12805
1 9796
1 10299
1 13604
1 8080
1 8570
1 34
1 1484
1 14171
1 14782
1 1122
1 5966
1 13942
1 11693
1 1143
1 5399
1 453
1 15996
1 6842
1 8396
1 1780
1 2330
1 11612
1 2117
1 4417
1 3704
1 15372
1 11117
1 7444
1 7071
1 8721
1 11097
1 10079
1 12977
1 9483
1 11263
1 4377
1 2051
1 878
1 11195
1 1781
1 10640
1 13194
1 3707
1 7472
1 7187
1 9289
1 7334
1 4575
1 1370
1 5781
1 15931
1 15218
1 13649
1 10681
1 287
1 6112
1 10245
1 7481
1 15963
1 16295
1 7358
1 9215
1 3120
1 917
1 11870
1 10336
1 4184
1 4039
1 15066
1 8452
1 10449
1 1122
1 677
1 8688
1 1693
1 1589
1 3380
1 3504
1 6927
1 14455
1 8301
1 14993
1 1745
1 3075
1 1993
1 8632
1 2443
1 2448
1 1081
1 47
1 4779
1 2482
1 2300
1 9730
1 2671
1 8756
1 3873
1 11336
1 2453
1 8504
1 6673
1 7194
1 7016
1 2582
1 11879
1 8008
1 1891
1 28
1 1273
1 4572
1 16470
1 5448
1 11228
1 1229
1 1755
1 12862
1 1401
1 3379
1 276
1 13585
1 9854
1 8771
1 9745
1 7163
1 3685
1 13152
1 15808
1 3854
1 6693
1 7557
1 4111
1 5322
1 13426
1 1463
1 7105
1 16781
1 949
1 14484
1 14673
1 1987
1 8961
1 9526
1 11098
1 9949
1 1009
1 12223
1 8290
1 435
1 6169
1 7463
1 4130
1 5316
1 10407
1 1117
1 13178
1 13944
1 183
1 385
1 1287
1 5532
1 2521
1 1142
1 10651
1 13781
1 1476
1 9490
1 2229
1 5743
1 13637
1 4678
1 1271
1 2089
1 9513
1 12161
1 1090
1 10100
1 10624
1 2167
1 16765
1 5510
1 6401
1 11812
1 11264
1 3637
1 15434
1 12673
1 102
1 47
1 15614
1 7608
1 920
1 5709
1 5298
1 3924
1 14968
1 12322
1 7748
1 10228
1 12715
1 3201
1 15190
1 13533
1 2221
1 4394
1 5681
1 13905
1 8984
1 11015
1 1035
1 8930
1 16325
1 6601
1 11774
1 15526
1 37
1 6781
1 10607
1 3231
1 11722
1 12347
1 15984
1 10827
1 2308
1 10765
1 2300
1 13103
1 13664
1 1440
1 13218
1 2480
1 9627
1 6048
1 4881
1 1191
1 9243
1 2267
1 151
1 6031
1 5727
1 13745
1 6197
1 6766
1 4019
1 2159
1 1048
1 15419
1 12514
1 11706
1 14569
1 3526
1 211
1 7180
1 6875
1 402
1 5316
1 15512
1 4547
1 10385
1 4287
1 4037
1 14750
1 14510
1 6469
1 12701
1 14261
1 8511
1 1859
1 247
1 945
1 4086
1 1736
1 7116
1 2691
1 3424
1 9627
1 9285
1 4114
1 3408
1 638
1 8402
1 15248
1 1639
1 6521
1 2790
1 16274
1 1737
1 12927
1 2854
1 15783
1 4755
1 3959
1 4379
1 6333
1 16226
1 5433
1 9159
1 7705
1 3726
1 6301
1 5584
1 772
1 483
1 2362
1 12720
1 14649
1 13704
1 9829
1 2878
1 6808
1 16462
1 3619
1 1732
1 11100
1 7630
1 4480
1 7075
1 6883
1 12986
1 6435
1 10276
1 1018
1 3387
1 335
1 11912
1 8880
1 14737
1 481
1 13295
1 6721
1 6384
1 1166
1 13043
1 14607
1 6489
1 1269
1 2446
1 10121
1 98
1 3187
1 638
1 7577
1 2768
1 16923
1 14425
1 4080
1 6028
1 3029
1 14880
1 8322
1 6013
1 748
1 14722
1 10166
1 4689
1 11631
1 10907
1 2462
1 247
1 10018
1 8315
1 969
1 5849
1 7606
1 1069
1 73
1 16045
1 2459
1 8577
1 2572
1 2447
1 2
1 6932
1 10988
1 3601
1 6966
1 13648
1 4607
1 5359
1 2162
1 6982
1 9296
1 6191
1 1122
1 628
1 3133
1 9539
1 13969
1 7922
1 8444
1 4234
1 16275
1 15672
1 2979
1 16506
1 1891
1 5451
1 8541
1 4045
1 12575
1 16198
1 5144
1 6331
1 7192
1 16558
1 3148
1 5400
1 11487
1 10143
1 4669
1 11192
1 8043
1 7632
1 11958
1 8178
1 2143
1 50
1 3981
1 249
1 13113
1 1978
1 369
1 418
1 15836
1 9002
1 16885
1 8160
1 5400
1 1918
1 8459
1 6229
1 8980
1 477
1 9105
1 325
1 2225
1 1834
1 6393
1 221
1 6768
1 10941
1 4632
1 13703
1 953
1 6712
1 3204
1 6790
1 5574
1 12753
1 10673
1 4821
1 12330
1 4028
1 10374
1 16334
1 530
1 9910
1 12004
1 6026
1 12082
1 2810
1 13520
1 995
1 4181
1 2389
1 3799
1 15669
1 13801
1 1021
1 5784
1 9696
1 3214
1 8358
1 4451
1 10690
1 16084
1 2762
1 1203
1 2682
1 10105
1 4381
1 3961
1 5768
1 8408
1 1578
1 12651
1 9155
1 703
1 4695
1 5398
1 16239
1 567
1 7819
1 2167
1 5934
1 2473
1 128
1 13272
1 8906
1 10983
1 10040
1 7165
1 11931
1 5228
1 8285
1 7695
1 14709
1 7049
1 8171
1 12548
1 2390
1 16932
1 961
1 14891
1 6555
1 1053
1 2100
1 1479
1 12339
1 7008
1 15648
1 7722
1 11244
1 4039
1 9336
1 4374
1 6681
1 6993
1 10205
1 4572
1 14308
1 12807
1 11004
1 3261
1 7197
1 204
1 2333
1 2914
1 1116
1 2893
1 1358
1 1067
1 15633
1 2281
1 12082
1 12132
1 15323
1 10730
1 1127
1 740
1 1796
1 16346
1 12411
1 1292
1 8471
1 2336
1 12439
1 6801
1 9943
1 8658
1 12241
1 12500
1 1035
1 1020
1 12645
1 16558
1 13930
1 13786
1 9405
1 3291
1 14789
1 5040
1 8772
1 283
1 13381
1 8131
1 8184
1 1588
1 15174
1 4942
1 6063
1 2763
1 3769
1 14437
1 12261
1 6115
1 9156
1 5822
1 9463
1 5936
1 7010
1 15367
1 11664
1 1090
1 1466
1 15114
1 3556
1 1038
1 15260
1 10420
1 837
1 1978
1 11372
1 14261
1 3839
1 8382
1 15065
1 3953
1 450
1 3145
1 447
1 9155
1 1123
1 8420
1 12409
1 2462
1 8566
1 1819
1 3161
1 6652
1 4069
1 15718
1 4579
1 6487
1 3176
1 8931
1 891
1 1767
1 4392
1 13765
1 13949
1 17
1 849
1 819
1 5286
1 13603
1 7143
1 3440
1 2454
1 4105
1 13788
1 14220
1 9618
1 1210
1 16350
1 5365
1 4632
1 13655
1 2358
1 8343
1 7810
1 4068
1 16878
1 5988
1 13218
1 2864
1 4663
1 1727
1 1808
1 3569
1 14326
1 6190
1 807
1 8534
1 483
1 9828
1 7001
1 2965
1 10539
1 15672
1 281
1 405
1 4917
1 2528
1 1348
1 3188
1 15073
1 22
1 15760
1 12999
1 1967
1 3147
1 2066
1 2894
1 7936
1 12173
1 14568
1 1287
1 16045
1 6512
1 15809
1 5099
1 10961
1 5802
1 1307
1 1278
1 9156
1 5235
1 15686
1 8702
1 7585
1 7147
1 11964
1 853
1 4086
1 7867
1 7528
1 14911
1 2663
1 13712
1 4547
1 7776
1 14463
1 15653
1 11206
1 8240
1 16296
1 15253
1 12715
1 483
1 120
1 2745
1 9624
1 3100
1 5255
1 5988
1 6603
1 6237
1 6484
1 1154
1 14238
1 3043
1 8643
1 6016
1 4268
1 10920
1 322
1 1240
1 16482
1 13589
1 12664
1 9271
1 10119
1 9183
1 12571
1 12606
1 2322
1 3228
1 13695
1 672
1 7545
1 3877
1 3438
1 10170
1 2192
1 6012
1 2878
1 7873
1 5275
1 10245
1 10494
1 5876
1 8861
1 2278
1 3905
1 6544
1 11143
1 767
1 6144
1 1246
1 11039
1 14432
1 3188
1 14561
1 16684
1 10304
1 6036
1 15423
1 1161
1 14912
1 16790
1 69
1 2257
1 2470
1 47
1 5711
1 5635
1 1603
1 5389
1 12883
1 435
1 8778
1 12160
1 684
1 1209
1 15313
1 13195
1 2944
1 8327
1 16115
1 13756
1 9329
1 4526
1 8793
1 3735
1 2483
1 5950
1 12422
1 3804
1 2350
1 70
1 2111
1 3556
1 2864
1 172
1 2892
1 13774
1 13527
1 6257
1 10974
1 6663
1 5457
1 15516
1 1861
1 8013
1 12773
1 1140
1 15453
1 4441
1 6345
1 7540
1 2855
1 12357
1 5919
1 1974
1 14840
1 6405
1 226
1 14591
1 1434
1 15932
1 7185
1 3670
1 10764
1 9017
1 7165
1 4973
1 9349
1 5728
1 14939
1 14995
1 11135
1 10209
1 792
1 11486
1 6404
1 10616
1 11175
1 1898
1 11702
1 13932
1 16946
1 6661
1 9726
1 448
1 558
1 1313
1 4089
1 5415
1 7713
1 2906
1 7833
1 12618
1 3097
1 2298
1 409
1 2123
1 14060
1 12998
1 679
1 13773
1 8177
1 9769
1 807
1 2057
1 14893
1 12432
1 5123
1 14860
1 3160
1 4199
1 14629
1 13279
1 178
1 15815
1 5084
1 15552
1 2928
1 1009
1 10638
1 5603
1 2785
1 16045
1 4305
1 8138
1 5179
1 12852
1 11640
1 10751
1 1184
1 888
1 16304
1 12772
1 14607
1 526
1 13998
1 7437
1 1409
1 4778
1 1631
1 449
1 14608
1 6792
1 3389
1 8700
1 7649
1 8400
1 8160
1 3988
1 14559
1 13515
1 8494
1 10645
1 6021
1 810
1 4194
1 11159
1 1043
1 4290
1 13958
1 14933
1 2743
1 472
1 8428
1 11206
1 16787
1 12666
1 6576
1 11793
1 10442
1 1203
1 2583
1 5585
1 11583
1 12863
1 3510
1 11718
1 5267
1 13713
1 1774
1 13561
1 14269
1 9788
1 5907
1 2633
1 5570
1 8696
1 12103
1 1957
1 11728
1 251
1 272
1 1843
1 6304
1 9801
1 628
1 5060
1 9246
1 8706
1 7740
1 4056
1 603
1 5291
1 9078
1 12571
1 13211
1 9218
1 528
1 5589
1 2461
1 13534
1 4612
1 9949
1 660
1 16594
1 13386
1 4012
1 831
1 7343
1 6830
1 5278
1 11563
1 10657
1 4670
1 8141
1 2201
1 8701
1 15113
1 3782
1 6701
1 369
1 7826
1 2866
1 14675
1 2853
1 5069
1 6902
1 8640
1 3427
1 13673
1 2333
1 9118
1 3011
1 8971
1 13031
1 4461
1 4080
1 5994
1 13128
1 9607
1 1814
1 10352
1 12868
1 11613
1 5196
1 9904
1 1520
1 1442
1 13561
1 5188
1 1199
1 12453
1 12671
1 10706
1 610
1 9984
1 12606
1 5149
1 7606
1 430
1 9776
1 8693
1 5899
1 13385
1 16064
1 762
1 6035
1 1471
1 7169
1 4086
1 7997
1 1485
1 12505
1 115
1 6340
1 5966
1 2914
1 15097
1 12311
1 11874
1 3161
1 8822
1 4101
1 13123
1 10733
1 7451
1 28
1 14818
1 10051
1 3090
1 9783
1 13410
1 14651
1 13674
1 769
1 15813
1 242
1 12164
1 13340
1 1755
1 4824
1 2108
1 6812
1 12840
1 16693
1 15179
1 349
1 14248
1 2814
1 6990
1 2246
1 6598
1 2445
1 186
1 1252
1 6670
1 11396
1 8514
1 12449
1 14535
1 12837
1 5312
1 10127
1 4794
1 7659
1 13544
1 11376
1 7601
1 8046
1 3151
1 752
1 2470
1 2825
1 1773
1 10612
1 9597
1 5120
1 14851
1 14825
1 1596
1 8411
1 9861
1 4632
1 6085
1 1877
1 12910
1 3414
1 3739
1 2389
1 2944
1 6464
1 10341
1 14560
1 2007
1 14517
1 1895
1 4776
1 7149
1 13234
1 1780
1 3181
1 9610
1 12244
1 1793
1 2177
1 16063
1 4371
1 4175
1 6068
1 12731
1 12382
1 15614
1 15531
1 201
1 2540
1 11753
1 10676
1 10324
1 8809
1 13809
1 755
1 16871
1 1113
1 7014
1 10848
1 1950
1 13661
1 12826
1 8540
1 11328
1 12380
1 13064
1 5978
1 1591
1 15186
1 5032
1 5408
1 47
1 2462
1 2167
1 12000
1 7323
1 13863
1 9348
1 12914
1 5407
1 15686
1 47
1 183
1 977
1 14490
1 2033
1 7326
1 6872
1 11731
1 15988
1 6609
1 7588
1 16341
1 2715
1 1640
1 12611
1 2923
1 7820
1 9172
1 613
1 16865
1 1500
1 8504
1 2700
1 462
1 7446
1 13995
1 1735
1 11317
1 5262
1 6770
1 2614
1 1172
1 777
1 14391
1 16272
1 16843
1 10247
1 953
1 1401
1 8800
1 12768
1 956
1 11303
1 582
1 5919
1 12011
1 6125
1 8569
1 14851
1 6340
1 14940
1 9225
1 8850
1 8688
1 13521
1 3447
1 12707
1 6920
1 13363
1 14156
1 5127
1 1304
1 706
1 13811
1 14153
1 12009
1 12377
1 748
1 1351
1 13723
1 1974
1 12127
1 1363
1 9397
1 656
1 10685
1 9228
1 2876
1 1165
1 13492
1 4391
1 15751
1 3108
1 16600
1 6577
1 7631
1 9104
1 13961
1 11767
1 14607
1 1122
1 12377
1 1196
1 1607
1 10408
1 3051
1 4179
1 12330
1 8228
1 6429
1 13640
1 7501
1 6189
1 10154
1 3381
1 248
1 13423
1 4651
1 4659
1 9686
1 14895
1 4622
1 6288
1 4498
1 7833
1 13679
1 3299
1 16299
1 2604
1 8058
1 1637
1 10413
1 628
1 14449
1 7910
1 8906
1 9397
1 16140
1 11997
1 3955
1 9090
1 7318
1 1383
1 15320
1 11305
1 880
1 4529
1 14063
1 6471
1 4326
1 15512
1 4656
1 6078
1 1795
1 12283
1 3340
1 933
1 714
1 1675
1 13167
1 7657
1 4828
1 1149
1 3018
1 4595
1 13358
1 9883
1 11680
1 15023
1 2138
1 13976
1 14824
1 1233
1 4689
1 7953
1 4480
1 8813
1 3716
1 971
1 14322
1 16895
1 5537
1 12161
1 3373
1 5520
1 11203
1 9809
1 5987
1 5899
1 7622
1 690
1 243
1 8893
1 12275
1 12734
1 7208
1 4366
1 6512
1 12016
1 856
1 1053
1 7004
1 8097
1 4823
1 12079
1 6804
1 7025
1 5701
1 3629
1 9030
1 14122
1 477
1 14276
1 654
1 12359
1 16755
1 14229
1 4989
1 6029
1 5993
1 9639
1 10667
1 7545
1 13100
1 13229
1 16202
1 190
1 12390
1 14543
1 748
1 12863
1 220
1 5426
1 2166
1 6041
1 7830
1 12133
1 15810
1 7408
1 574
1 2227
1 2719
1 6514
1 1956
1 1120
1 8054
1 1009
1 10367
1 8413
1 5490
1 5122
1 1456
1 10800
1 4719
1 29
1 9132
1 12438
1 2983
1 6384
1 6028
1 8882
1 13339
1 15407
1 6776
1 7667
1 3191
1 15401
1 14374
1 1206
1 12379
1 9103
1 4668
1 16715
1 8786
1 11100
1 1154
1 171
1 2466
1 843
1 12556
1 578
1 2876
1 2472
1 4572
1 1452
1 4037
1 7067
1 10826
1 14639
1 2449
1 14125
1 1294
1 1962
1 7115
1 2087
1 7094
1 11682
1 7139
1 226
1 920
1 10572
1 709
1 9687
1 11564
1 447
1 8160
1 6247
1 4070
1 5356
1 33
1 8735
1 7356
1 809
1 12840
1 11145
1 6306
1 540
1 3187
1 15222
1 1673
1 970
1 8120
1 12369
1 12672
1 3339
1 9364
1 6825
1 16181
1 8418
1 11922
1 6580
1 6314
1 4100
1 2921
1 4365
1 4264
1 4450
1 4269
1 13194
1 120
1 6825
1 10311
1 16561
1 4879
1 16543
1 12451
1 2106
1 11650
1 5851
1 3058
1 8665
1 6424
1 13452
1 4834
1 2503
1 16487
1 5815
1 5161
1 14458
1 845
1 11032
1 12637
1 1077
1 5413
1 135
1 12118
1 13571
1 13781
1 1017
1 5204
1 11716
1 782
1 7453
1 8420
1 13800
1 13759
1 1435
1 1213
1 6936
1 8095
1 707
1 3943
1 11352
1 11719
1 1267
1 11494
1 4740
1 1225
1 2498
1 1058
1 12617
1 5766
1 878
1 2981
1 5806
1 12414
1 10660
1 4781
1 3695
1 12324
1 2730
1 14623
1 3574
1 10430
1 8786
1 4256
1 5058
1 8020
1 10866
1 3582
1 8107
1 6974
1 988
1 1213
1 2240
1 5058
1 11348
1 132
1 11938
1 15781
1 11300
1 6028
