0 
0 
2 1755 4313
1 2133
2 623 3191
1 2748
0 
0 
0 
0 
0 
0 
1 2223
0 
4 1114 3527 3593 3883
0 
3 635 2960 3223
4 2145 3512 3682 4573
0 
0 
0 
0 
1 4619
2 163 590
1 1019
0 
0 
1 2752
3 276 4050 5018
3 696 2949 5383
0 
0 
1 3660
1 5438
1 3948
1 681
0 
1 4157
1 2882
2 182 328
0 
0 
0 
2 1712 2464
0 
0 
0 
6 2063 4032 4130 4726 5129 5139
0 
0 
2 319 4358
0 
1 3046
0 
0 
0 
0 
0 
0 
0 
0 
0 
0 
2 783 2035
2 653 2572
0 
0 
0 
2 144 1395
1 4723
1 4752
1 1487
0 
1 4307
0 
1 3183
1 371
0 
0 
0 
0 
1 2411
0 
0 
0 
0 
0 
1 2370
0 
0 
0 
0 
0 
0 
0 
0 
0 
0 
2 3803 4280
0 
0 
1 821
2 2172 4129
1 1049
0 
0 
1 111
0 
0 
0 
0 
1 3402
0 
0 
0 
1 5005
0 
0 
0 
1 2570
5 91 2127 3869 4662 5468
1 717
0 
0 
0 
0 
0 
0 
2 3132 4438
0 
0 
0 
2 2850 5546
1 958
0 
2 325 5493
0 
1 1370
0 
0 
0 
0 
2 2327 3704
0 
0 
0 
0 
0 
1 63
1 1339
2 413 2754
1 4179
0 
0 
0 
0 
0 
0 
0 
0 
0 
1 2262
0 
0 
0 
0 
0 
0 
0 
0 
1 927
1 5405
1 4756
0 
0 
1 3287
3 436 974 1858
0 
1 4835
0 
2 1764 2216
0 
0 
2 4099 5140
1 2383
0 
1 5045
0 
0 
0 
1 5355
0 
0 
0 
0 
0 
0 
0 
1 1685
2 148 550
0 
2 1759 5105
0 
0 
1 4477
0 
0 
0 
1 2585
0 
0 
2 2483 4193
1 2250
0 
0 
0 
0 
0 
0 
0 
3 1254 3279 5360
3 94 3708 4380
0 
0 
0 
1 1563
4 318 1026 4779 5427
0 
0 
0 
0 
0 
0 
1 2311
1 2968
0 
2 1879 3594
0 
0 
2 835 2778
0 
0 
1 5028
5 979 1615 1892 2363 5320
0 
2 1397 2991
0 
5 61 1057 1816 4210 4300
2 3826 5244
2 1471 4360
1 1132
2 3851 4912
2 221 425
0 
0 
0 
0 
0 
0 
0 
0 
0 
1 2616
0 
1 2878
0 
0 
1 2940
1 1869
0 
1 777
1 2408
1 4913
1 2195
0 
0 
2 1115 4061
1 2366
0 
0 
1 112
1 4612
0 
2 2511 4515
0 
0 
0 
1 3997
0 
0 
1 559
0 
0 
0 
0 
0 
0 
0 
0 
0 
0 
1 3544
0 
0 
0 
0 
0 
1 2521
0 
1 1303
1 2684
0 
0 
0 
0 
0 
0 
0 
1 293
0 
0 
0 
1 4678
0 
0 
2 1292 4376
0 
0 
1 2207
1 279
0 
0 
1 356
1 3310
0 
2 1583 4265
0 
0 
0 
0 
0 
0 
0 
0 
0 
0 
0 
0 
1 1146
1 5038
0 
0 
1 3489
0 
0 
1 3574
1 190
0 
0 
0 
0 
0 
0 
0 
0 
0 
0 
0 
0 
3 2807 4363 4952
1 3533
0 
0 
0 
0 
1 3601
0 
1 3452
0 
0 
2 1786 2854
0 
1 1266
1 1911
0 
1 4100
0 
0 
0 
0 
2 1227 3784
0 
0 
0 
0 
0 
0 
0 
0 
0 
2 1041 2213
1 3688
1 4196
0 
0 
2 2675 4613
1 1681
1 1314
0 
1 4817
0 
0 
0 
0 
0 
1 3041
1 3838
1 2689
1 4364
0 
0 
0 
0 
0 
1 2507
0 
0 
1 155
1 2486
0 
1 4991
0 
1 944
0 
0 
4 534 2339 4090 4732
1 461
1 3221
0 
0 
0 
0 
0 
0 
0 
0 
1 2476
2 4552 5433
2 1539 4806
1 4862
2 331 4550
0 
0 
3 1331 2317 3958
1 2771
0 
0 
0 
0 
0 
1 1326
0 
2 1123 5162
0 
0 
0 
3 849 1611 3740
0 
1 3575
0 
1 573
0 
1 4884
0 
0 
1 1477
1 2645
4 2141 3760 4374 5340
0 
0 
0 
2 135 4269
0 
4 612 4244 4606 4661
2 1354 2343
1 2566
1 515
0 
0 
0 
2 604 2544
0 
0 
2 1973 3149
0 
0 
0 
0 
0 
1 497
0 
1 789
0 
0 
1 3528
0 
0 
2 496 2546
0 
0 
1 3880
0 
0 
0 
0 
0 
0 
1 2851
0 
1 1353
2 3289 3723
2 2508 3413
0 
0 
0 
2 1363 1959
1 4856
0 
2 1934 4929
0 
1 4397
0 
0 
1 2183
0 
0 
0 
0 
1 820
0 
1 5445
0 
0 
0 
1 171
0 
1 3576
1 997
0 
3 939 1273 3234
0 
1 3071
0 
0 
0 
0 
1 1438
0 
1 4807
1 292
0 
0 
0 
1 1702
0 
0 
0 
1 4433
0 
0 
1 697
0 
0 
1 2422
1 5368
0 
0 
1 3769
1 5409
0 
0 
0 
3 451 765 5182
0 
0 
0 
0 
0 
0 
0 
0 
0 
0 
1 2816
0 
0 
0 
0 
0 
0 
0 
0 
0 
1 4923
0 
0 
0 
0 
0 
0 
1 4986
0 
0 
1 5157
0 
1 830
0 
0 
1 1729
0 
0 
0 
0 
0 
0 
0 
0 
1 3229
6 485 1228 1883 4326 4917 5261
0 
0 
0 
0 
0 
0 
0 
0 
0 
2 4221 4282
0 
0 
0 
1 3814
0 
0 
0 
0 
0 
0 
0 
0 
0 
1 647
0 
1 5342
3 1830 1897 2931
2 3082 5213
1 2303
0 
0 
2 3172 4935
1 3113
0 
1 1341
0 
0 
2 703 868
0 
1 1920
0 
0 
1 1682
2 946 4691
0 
0 
0 
0 
2 2750 4015
0 
1 4821
0 
0 
0 
0 
3 687 2927 4735
0 
1 1868
0 
0 
0 
1 5319
1 711
0 
0 
0 
0 
0 
0 
0 
0 
0 
0 
0 
1 4429
1 2925
1 3193
1 5201
1 5509
0 
2 655 5430
0 
0 
0 
0 
1 5286
1 1785
0 
0 
1 2916
0 
0 
0 
0 
0 
0 
0 
1 267
0 
0 
0 
0 
1 3558
0 
0 
0 
1 1256
0 
0 
0 
0 
1 4491
0 
0 
0 
1 3923
0 
2 95 895
0 
3 4293 5206 5358
1 3922
0 
0 
1 5062
0 
1 2500
3 3306 3440 5112
0 
0 
0 
0 
1 59
0 
2 351 4997
0 
0 
0 
0 
4 486 1895 3273 4709
0 
1 5026
1 2446
0 
1 4243
0 
0 
0 
2 3 2310
3 1927 2614 5171
1 406
0 
0 
1 3503
1 5500
0 
0 
0 
0 
0 
0 
0 
0 
0 
2 2833 4795
0 
0 
0 
0 
0 
0 
0 
1 1507
0 
0 
0 
0 
0 
0 
4 900 2402 4604 4825
0 
2 615 5441
1 4876
0 
0 
0 
1 866
0 
0 
0 
0 
1 4575
0 
0 
0 
0 
1 3012
0 
0 
0 
1 3926
1 1200
1 2798
2 518 4939
1 1711
1 512
0 
0 
0 
2 1910 4542
1 384
0 
0 
0 
0 
1 5407
0 
3 2529 3643 5488
1 3602
0 
1 3129
1 4574
0 
1 2350
0 
1 4645
0 
0 
3 229 1437 5328
1 139
0 
0 
0 
2 230 1170
1 3536
0 
1 1299
0 
0 
0 
0 
0 
0 
0 
0 
0 
1 2192
0 
1 1208
0 
2 3980 5521
0 
3 667 1637 5274
1 524
0 
0 
0 
0 
0 
0 
7 885 1223 2378 2756 3171 3305 4852
1 3396
0 
1 4568
0 
0 
0 
0 
2 2494 3142
1 3368
0 
0 
0 
0 
0 
0 
1 768
1 2600
3 657 659 2692
0 
1 1265
0 
1 1251
0 
0 
0 
2 1222 2240
0 
0 
6 332 665 989 2644 2847 4006
1 3101
0 
4 811 3215 4133 5428
1 1378
0 
0 
0 
0 
1 2338
0 
0 
0 
0 
0 
0 
2 317 5285
0 
1 2647
1 758
1 2265
0 
0 
0 
0 
1 1
1 2755
0 
1 4211
0 
0 
0 
2 1698 4079
0 
0 
0 
2 4385 5176
2 909 1898
0 
2 397 5180
0 
0 
0 
0 
1 4454
2 503 2830
1 808
0 
0 
0 
0 
1 2237
1 4303
1 5449
1 5307
3 2666 2790 3811
0 
1 1825
0 
0 
3 80 2923 5141
0 
1 2362
0 
1 3456
0 
0 
0 
0 
0 
4 2249 2377 2763 3226
3 188 343 5541
1 1983
0 
0 
0 
0 
0 
2 1656 4404
0 
0 
0 
1 3815
0 
0 
1 1961
1 2062
1 3494
2 228 729
1 537
0 
0 
5 414 2051 4087 4840 5375
0 
0 
1 3911
1 1618
1 3232
0 
0 
1 5497
1 4263
0 
2 424 4505
1 4410
1 3457
0 
0 
0 
0 
3 114 1241 2743
0 
0 
0 
0 
2 1957 3276
0 
0 
2 4151 4504
0 
0 
1 4539
1 1884
0 
0 
0 
1 4879
0 
0 
0 
0 
1 4187
0 
0 
0 
0 
2 4457 5329
0 
0 
0 
0 
2 2957 5518
1 2762
0 
0 
0 
0 
1 833
0 
0 
1 4483
1 1916
2 668 4306
0 
0 
0 
1 183
0 
0 
1 577
1 5491
0 
0 
0 
2 648 4031
0 
0 
1 1555
0 
0 
0 
0 
0 
6 1747 2413 2713 3442 4117 4535
0 
0 
0 
0 
0 
0 
0 
0 
0 
1 286
0 
0 
0 
2 1143 1707
0 
0 
0 
1 3607
1 3485
0 
0 
0 
3 501 3711 5114
0 
3 1593 1849 2563
1 4480
2 2907 4096
0 
0 
1 5373
0 
7 340 2615 2797 3952 4014 4325 5229
2 737 4554
0 
0 
0 
1 4490
0 
0 
2 177 450
0 
0 
0 
2 1990 3337
3 160 718 3772
1 1172
1 756
0 
0 
1 4768
3 214 1045 3011
1 4104
1 3956
0 
0 
0 
0 
0 
2 3797 5291
0 
1 97
0 
2 2003 3187
2 4671 5404
0 
0 
2 781 2157
0 
0 
1 1103
2 3257 4720
2 992 1502
0 
0 
2 3182 5217
2 467 4273
0 
0 
0 
1 2944
0 
2 1281 5170
0 
0 
1 1669
2 662 2105
0 
1 1055
3 2177 3094 3848
0 
4 788 1797 2979 3707
0 
1 3460
2 1418 4851
0 
0 
0 
1 2902
1 2655
1 2409
5 1007 1089 1352 2558 4176
5 1527 2123 2227 2826 3114
0 
2 2804 2942
0 
2 2407 5231
1 2805
1 1587
4 536 3135 3326 4982
2 1234 3134
0 
0 
4 2843 3428 4419 4892
0 
0 
1 5397
0 
0 
3 151 2596 4736
1 4585
0 
0 
5 2525 2831 3519 5506 5542
0 
1 3767
0 
0 
0 
1 1909
0 
0 
0 
0 
0 
1 5516
1 410
1 690
0 
1 4056
0 
0 
1 2372
1 5301
1 2232
0 
1 41
0 
0 
0 
1 4679
0 
0 
2 2624 3930
0 
0 
1 4711
0 
0 
0 
0 
0 
1 5046
0 
0 
0 
1 162
0 
0 
0 
0 
1 2643
0 
1 1130
0 
0 
0 
1 5513
0 
1 4277
1 1987
1 4113
3 93 1690 3429
1 4051
0 
0 
0 
0 
2 1377 4637
1 859
0 
0 
0 
0 
0 
0 
0 
3 3732 4101 4629
0 
0 
0 
0 
1 4495
1 3937
1 5420
0 
0 
0 
0 
0 
0 
0 
0 
0 
1 5200
0 
0 
1 4636
0 
0 
0 
0 
0 
1 4808
0 
1 1592
0 
2 137 3467
0 
0 
0 
0 
0 
0 
2 528 1708
0 
0 
0 
0 
0 
0 
0 
0 
0 
1 2050
0 
0 
0 
2 494 3689
0 
0 
1 1638
0 
0 
1 482
0 
1 1151
0 
1 4616
0 
1 1163
1 5207
0 
1 2526
0 
0 
1 1116
0 
1 4482
1 3604
0 
0 
0 
1 5211
0 
0 
1 603
0 
0 
0 
1 3991
2 3017 3479
2 1964 2869
0 
0 
0 
0 
1 1311
0 
0 
1 3728
0 
0 
2 2936 5271
1 105
0 
0 
0 
0 
1 564
0 
0 
0 
0 
1 3192
0 
0 
0 
0 
1 366
2 1328 2038
3 167 4059 5177
1 3842
1 930
0 
0 
1 3335
0 
0 
1 4859
0 
0 
0 
0 
1 2601
1 1040
1 699
0 
1 2328
2 2073 2089
0 
0 
0 
0 
1 363
1 2199
0 
0 
0 
1 1634
0 
0 
0 
0 
1 4781
1 5505
0 
0 
0 
3 445 1245 1782
2 1446 4170
1 1837
1 4979
0 
0 
0 
1 2660
0 
0 
0 
0 
0 
1 5413
1 2824
1 2397
0 
1 5380
0 
0 
1 1512
0 
1 956
0 
1 4076
0 
0 
1 4536
0 
0 
2 3750 3796
1 1939
1 4999
0 
1 1653
0 
1 846
3 1727 3873 4107
1 1029
0 
1 4459
0 
0 
0 
1 1217
2 3350 3949
2 3857 5003
0 
0 
0 
0 
0 
0 
0 
1 1870
0 
0 
0 
0 
1 1459
1 2815
3 1530 2167 5159
0 
3 1850 2085 2096
0 
0 
0 
0 
0 
1 3793
0 
1 2858
0 
0 
0 
0 
0 
0 
0 
0 
0 
1 4978
1 361
0 
0 
0 
0 
0 
1 3016
0 
0 
0 
0 
0 
0 
0 
0 
0 
1 2263
4 566 855 2595 3021
0 
0 
0 
1 3341
0 
0 
0 
0 
0 
1 1745
0 
0 
0 
1 1993
0 
0 
0 
0 
2 1431 2424
0 
0 
0 
0 
0 
0 
0 
0 
0 
0 
2 3557 3759
0 
0 
0 
0 
0 
0 
0 
0 
0 
1 4426
0 
0 
0 
0 
0 
1 3753
0 
1 3703
0 
1 4519
1 4018
1 1647
1 5125
0 
0 
0 
0 
2 2286 5071
0 
0 
0 
0 
0 
1 236
1 4729
0 
0 
0 
1 5232
1 1521
0 
0 
1 49
0 
0 
0 
0 
0 
0 
0 
0 
1 215
0 
0 
0 
0 
0 
1 2724
1 993
0 
1 656
0 
2 2599 4861
1 1177
0 
0 
0 
0 
1 5259
0 
1 4224
2 295 5152
0 
0 
0 
0 
0 
1 1657
0 
0 
0 
0 
0 
0 
0 
0 
0 
0 
1 919
1 2540
1 2996
0 
0 
1 2737
1 2735
0 
6 21 264 602 2846 2909 3382
1 1052
1 3564
0 
1 299
1 3322
1 20
0 
4 1171 3476 3589 5448
0 
3 2633 3045 5287
1 2837
0 
0 
0 
0 
0 
0 
0 
1 904
0 
0 
0 
1 644
1 2871
1 1189
1 854
0 
1 4017
0 
0 
0 
0 
0 
0 
1 1264
0 
0 
0 
0 
0 
2 2803 3802
0 
0 
0 
1 2933
0 
2 444 2236
0 
0 
0 
0 
0 
0 
0 
0 
0 
2 174 1970
1 813
0 
0 
0 
1 4599
0 
1 134
0 
0 
1 4254
1 731
0 
2 845 5165
1 4213
1 4228
0 
0 
0 
2 962 2736
1 3448
0 
0 
1 4025
0 
0 
0 
1 2912
0 
0 
3 2412 2698 3212
0 
0 
3 596 4057 5031
0 
0 
0 
0 
0 
0 
0 
0 
0 
0 
1 2745
1 4569
0 
0 
0 
0 
0 
1 5065
1 4901
1 1865
2 1219 2008
1 506
0 
1 3924
2 3962 5091
1 3982
0 
0 
1 100
2 625 1616
1 3042
0 
0 
0 
0 
0 
0 
2 801 5095
2 2958 3483
2 2006 5282
1 4492
0 
1 1432
0 
0 
0 
0 
0 
1 3895
0 
2 11 2562
0 
1 4600
0 
0 
0 
0 
0 
1 4972
0 
0 
0 
1 109
1 4559
0 
0 
1 3743
0 
0 
0 
1 87
0 
0 
0 
1 1639
1 905
1 25
0 
1 4378
1 2618
0 
0 
0 
1 1709
0 
0 
0 
1 4914
0 
0 
1 2696
0 
0 
1 2543
0 
0 
0 
0 
0 
1 1643
0 
0 
0 
1 4209
0 
1 4765
1 3812
0 
0 
0 
0 
0 
0 
0 
0 
0 
0 
0 
0 
1 102
0 
1 5076
0 
0 
0 
1 2987
1 1740
0 
0 
1 208
0 
0 
2 443 2911
0 
0 
3 3846 4049 4337
0 
0 
0 
1 5087
1 3211
0 
3 751 1954 4800
0 
3 1622 2220 3339
0 
0 
2 2515 3843
0 
0 
0 
0 
0 
1 2708
2 544 2330
0 
0 
0 
0 
0 
0 
0 
2 241 4370
1 736
1 2603
0 
1 1074
0 
0 
0 
0 
1 1066
2 1312 1423
2 2130 2255
0 
0 
0 
0 
0 
1 2247
1 1321
2 3059 3354
1 3302
0 
0 
1 1207
0 
0 
1 1793
0 
0 
0 
1 96
0 
2 2072 5117
0 
0 
1 2252
0 
1 1721
1 5372
1 4910
0 
0 
1 3387
0 
1 5421
0 
0 
0 
1 3882
1 4622
0 
0 
0 
0 
0 
0 
3 3404 4776 5209
0 
0 
1 3119
2 4362 4543
0 
2 554 2353
0 
1 1843
2 917 2174
0 
0 
2 1604 2278
1 4082
0 
0 
0 
1 2148
0 
1 4027
0 
2 347 1819
0 
0 
1 2880
0 
1 378
0 
0 
0 
0 
0 
1 3706
2 210 5085
0 
0 
0 
0 
0 
0 
0 
0 
0 
0 
0 
0 
0 
1 3118
0 
0 
0 
2 1772 2690
0 
0 
0 
0 
1 666
0 
2 108 1769
1 5143
0 
0 
0 
0 
2 158 1192
0 
1 1282
0 
1 2800
0 
1 2792
0 
0 
1 2939
0 
0 
0 
1 3979
0 
0 
0 
0 
0 
2 2606 4826
0 
0 
0 
0 
0 
0 
0 
0 
1 4624
0 
0 
0 
0 
0 
0 
0 
0 
0 
0 
0 
1 3742
0 
0 
0 
0 
1 2260
1 3037
0 
0 
2 643 5423
1 2392
1 4114
0 
0 
0 
0 
0 
0 
1 661
1 401
0 
0 
1 4458
2 1558 2829
0 
1 3508
0 
0 
1 5475
0 
1 5033
0 
0 
1 4753
1 676
1 1324
0 
0 
0 
1 3965
0 
0 
0 
0 
0 
1 4818
0 
1 1289
0 
1 1495
2 1746 1969
0 
0 
0 
0 
0 
0 
0 
0 
0 
1 5298
0 
1 1478
0 
0 
1 4357
0 
0 
0 
0 
0 
1 1562
0 
0 
0 
0 
0 
0 
0 
0 
0 
1 4186
0 
0 
2 2694 4321
0 
1 76
0 
2 1400 5362
6 1485 1496 1857 4120 4435 5131
0 
0 
0 
0 
0 
0 
0 
1 2524
0 
1 5096
0 
0 
0 
0 
0 
0 
0 
0 
0 
0 
0 
0 
0 
0 
1 4696
1 3126
0 
0 
0 
0 
0 
0 
0 
2 951 4947
0 
2 217 423
1 810
0 
0 
0 
1 125
0 
0 
5 1768 2165 2314 3352 3678
1 3523
0 
0 
0 
2 1267 1968
0 
0 
0 
1 2901
3 1831 3415 4145
0 
1 3073
1 3167
1 4377
2 1738 3492
2 2678 5369
0 
1 4109
1 723
0 
1 2160
0 
0 
1 211
1 1481
0 
0 
0 
5 575 1309 1784 2887 5543
1 1532
0 
0 
0 
0 
1 5042
0 
0 
0 
1 3473
0 
0 
0 
0 
0 
0 
2 1373 4724
0 
0 
1 3758
0 
0 
0 
0 
0 
0 
1 4178
0 
2 3788 3824
0 
0 
0 
0 
1 1809
0 
0 
1 3252
1 4705
0 
0 
1 4485
0 
0 
0 
0 
0 
1 624
0 
1 3032
0 
0 
2 2385 3694
0 
0 
0 
1 1679
0 
1 4816
0 
2 4035 4167
0 
1 1839
1 1249
0 
0 
1 3552
0 
2 3381 4165
0 
0 
0 
1 3370
0 
1 478
1 1323
0 
0 
0 
1 1427
0 
1 2055
1 4688
1 1864
0 
1 739
0 
0 
0 
0 
3 222 1534 3963
0 
1 2579
2 4478 4962
0 
0 
1 4497
0 
0 
0 
0 
0 
1 684
0 
1 1405
0 
0 
0 
0 
0 
3 3237 3253 4751
0 
0 
0 
0 
0 
0 
0 
1 4590
0 
0 
0 
2 3488 4245
0 
0 
2 735 931
0 
0 
1 1467
1 923
0 
0 
0 
0 
0 
1 2469
0 
0 
0 
0 
0 
0 
0 
0 
0 
0 
0 
0 
1 3148
3 1443 4406 5080
2 3244 4452
0 
1 1238
1 966
0 
0 
0 
0 
0 
0 
0 
0 
0 
0 
1 2859
0 
0 
0 
0 
0 
0 
4 725 1120 1790 2318
0 
0 
1 3872
0 
0 
0 
2 632 2801
1 2497
0 
0 
1 3626
0 
0 
0 
1 1751
0 
1 2834
0 
0 
0 
1 1357
2 678 1355
0 
0 
0 
1 2810
1 2332
0 
0 
1 396
0 
2 1246 4029
0 
1 5044
2 861 4278
1 4312
3 863 1102 4030
2 1674 5418
0 
1 191
1 2781
1 4041
1 4580
0 
0 
0 
0 
1 4309
0 
2 1822 4931
5 1214 2722 4299 4557 5130
0 
1 1497
1 1767
2 2460 5406
0 
0 
0 
3 1063 4725 5063
1 3176
1 5411
2 1666 4437
0 
1 2386
0 
1 3916
0 
0 
1 4172
0 
1 4034
1 4747
0 
2 637 2066
0 
0 
1 621
2 3158 3491
0 
0 
1 748
0 
0 
0 
1 3293
0 
1 5517
0 
2 3262 3436
0 
0 
1 5483
0 
1 630
0 
0 
0 
0 
0 
1 54
0 
0 
0 
1 2042
0 
0 
0 
0 
0 
2 875 4103
0 
1 664
0 
0 
0 
0 
2 3177 4615
0 
1 2993
0 
1 2425
0 
0 
0 
0 
1 1333
0 
1 283
1 5106
0 
0 
0 
1 3236
1 857
0 
1 1872
0 
1 3147
0 
0 
1 782
1 2990
0 
1 1561
0 
0 
0 
0 
1 110
0 
0 
0 
0 
0 
0 
0 
0 
0 
0 
0 
1 4311
0 
1 2336
1 1225
0 
0 
1 1156
0 
0 
0 
2 1519 4046
1 4893
1 2502
0 
0 
0 
3 2323 2669 3713
2 13 824
1 3478
1 1176
1 2701
1 2593
0 
0 
2 1198 1985
0 
0 
0 
0 
0 
0 
1 3746
1 5257
0 
0 
0 
0 
0 
0 
0 
0 
0 
1 5169
1 492
0 
0 
0 
0 
0 
0 
0 
0 
1 791
0 
0 
0 
2 1205 3876
1 416
0 
0 
1 3224
1 4906
0 
0 
1 390
0 
0 
0 
0 
0 
0 
0 
0 
1 2587
0 
1 2913
0 
0 
0 
1 3790
0 
1 40
0 
1 3472
1 947
0 
0 
1 3835
0 
0 
1 3314
1 4650
0 
0 
1 1602
3 127 2448 2640
0 
0 
0 
3 2626 3298 4037
0 
0 
1 3145
0 
0 
0 
1 3548
0 
0 
0 
2 1283 4420
0 
1 2862
0 
1 547
2 2434 3411
0 
0 
0 
1 4215
0 
0 
0 
0 
0 
0 
0 
0 
1 5161
0 
0 
0 
0 
0 
0 
0 
0 
0 
0 
2 2667 3921
1 1095
0 
0 
6 514 2103 2288 2421 3605 5151
0 
1 1571
0 
1 5370
1 2783
0 
1 1862
1 2966
0 
0 
1 3931
0 
0 
0 
1 5529
0 
0 
0 
0 
0 
0 
1 1880
0 
0 
0 
0 
0 
1 4883
0 
1 4663
0 
0 
0 
1 3241
0 
0 
1 81
0 
0 
1 3373
0 
0 
0 
0 
0 
0 
1 4418
1 4523
0 
0 
1 3409
0 
2 339 4284
0 
1 3137
0 
0 
0 
0 
0 
1 1612
0 
1 2088
0 
0 
0 
1 726
1 2449
1 938
3 1662 3500 4843
1 3609
1 3641
1 448
0 
1 4226
0 
0 
1 3311
5 79 1210 2390 3121 3258
0 
0 
0 
0 
0 
0 
0 
0 
1 1408
0 
0 
1 708
0 
1 2017
1 825
1 4402
0 
0 
0 
2 3217 5040
1 2161
1 3668
1 2423
0 
0 
1 3204
0 
2 66 301
0 
0 
1 5064
1 194
0 
1 3941
0 
0 
0 
1 3054
1 1621
1 2170
0 
0 
0 
0 
0 
1 2977
0 
0 
0 
0 
0 
0 
0 
1 519
0 
0 
0 
1 3885
1 4956
1 4230
1 4773
1 407
0 
0 
0 
0 
1 3044
0 
0 
2 4597 4755
1 1048
2 2772 4954
0 
0 
0 
0 
0 
0 
0 
0 
0 
4 568 882 5216 5410
0 
2 4250 4698
0 
0 
0 
0 
0 
0 
0 
0 
1 308
0 
0 
0 
0 
1 4757
1 4481
1 4625
4 433 2498 2889 3644
0 
0 
0 
0 
0 
1 89
2 184 1660
0 
0 
0 
1 4812
1 3833
0 
0 
0 
0 
0 
0 
4 688 2765 4479 5008
0 
1 3214
1 1085
0 
0 
2 313 3443
1 5462
0 
1 5154
0 
0 
1 3612
1 762
3 2065 3162 4839
0 
0 
0 
0 
0 
0 
0 
0 
0 
0 
0 
0 
0 
0 
0 
3 949 4739 5081
1 2868
1 3027
0 
0 
0 
0 
0 
0 
0 
0 
1 3645
0 
1 3130
0 
0 
0 
0 
1 1191
0 
0 
1 4609
1 1871
0 
0 
2 749 3597
1 585
1 741
0 
0 
0 
0 
0 
0 
0 
1 4335
0 
1 5522
0 
1 5386
0 
1 1803
0 
1 3417
0 
0 
1 3247
0 
1 2589
0 
0 
0 
0 
1 1788
1 1404
0 
0 
0 
0 
0 
0 
0 
0 
2 3001 3789
0 
0 
1 774
1 4964
0 
0 
0 
0 
0 
0 
1 5292
0 
0 
0 
0 
0 
1 3210
0 
0 
0 
1 1938
2 525 4289
1 2222
0 
1 1766
0 
0 
0 
0 
0 
0 
1 760
0 
0 
0 
1 4673
0 
0 
0 
0 
1 2389
0 
1 516
1 5234
1 2865
1 3180
0 
0 
0 
0 
2 1244 5478
1 1514
0 
0 
0 
0 
0 
0 
0 
0 
1 3666
0 
1 886
0 
1 892
0 
0 
1 4026
0 
0 
0 
1 226
0 
0 
0 
0 
0 
0 
0 
0 
0 
1 1142
1 5021
1 2295
0 
1 321
1 1688
0 
0 
1 4815
0 
0 
1 4665
0 
2 1725 3207
1 1110
0 
0 
0 
0 
2 1979 5221
0 
1 2819
0 
0 
1 1517
0 
0 
0 
0 
1 2472
0 
1 4005
0 
0 
0 
0 
0 
1 1536
1 47
1 913
1 2129
1 258
0 
0 
2 3030 4327
0 
0 
0 
0 
0 
0 
0 
0 
0 
0 
0 
2 2305 4551
0 
1 4623
1 4347
0 
1 3439
1 5061
0 
0 
0 
0 
0 
0 
0 
0 
1 4831
2 4560 5012
1 2438
0 
0 
0 
0 
0 
0 
1 1912
1 3325
0 
1 2120
0 
0 
0 
2 733 4566
0 
0 
1 2485
0 
2 3111 5092
0 
0 
0 
2 2784 3487
0 
2 4281 5446
3 2545 4617 4714
0 
0 
2 121 5394
0 
0 
0 
0 
0 
0 
0 
0 
0 
2 1665 4142
0 
0 
2 2672 4387
0 
0 
0 
1 3715
0 
1 2355
0 
0 
1 2989
2 3821 4413
0 
0 
0 
0 
0 
0 
0 
0 
0 
0 
0 
0 
0 
1 4689
0 
1 1789
1 4160
0 
0 
0 
0 
1 3235
0 
0 
1 3627
0 
0 
0 
0 
1 2243
0 
0 
1 838
0 
1 1231
0 
0 
0 
0 
0 
0 
0 
0 
0 
0 
1 2712
1 4475
0 
0 
0 
0 
0 
1 2301
1 959
0 
0 
0 
1 3156
0 
0 
0 
0 
0 
0 
0 
0 
1 2152
1 2917
1 3672
0 
0 
0 
0 
2 1905 3116
0 
0 
1 4511
0 
0 
0 
0 
0 
0 
0 
1 5255
0 
0 
1 3342
0 
0 
0 
0 
1 2209
0 
0 
0 
0 
0 
0 
0 
0 
0 
2 2571 3776
0 
1 1774
0 
0 
0 
0 
0 
1 3351
1 3393
0 
0 
0 
0 
0 
0 
0 
0 
0 
1 176
1 290
0 
1 5453
1 5284
1 934
0 
0 
0 
0 
0 
0 
1 3072
1 170
0 
2 511 3827
0 
1 2113
0 
0 
0 
0 
0 
0 
0 
0 
0 
0 
0 
0 
0 
0 
0 
0 
0 
0 
0 
2 1445 5312
0 
0 
0 
1 3820
0 
2 3735 4060
1 4019
1 5243
0 
0 
0 
0 
0 
1 4264
0 
1 4865
0 
0 
1 1717
0 
1 3656
0 
0 
0 
0 
0 
0 
0 
0 
0 
0 
0 
0 
0 
1 4220
0 
0 
1 2184
0 
0 
2 422 5078
0 
0 
0 
0 
0 
0 
0 
0 
0 
2 1903 4216
0 
0 
1 4960
0 
0 
0 
1 247
0 
0 
0 
0 
3 2080 2337 3496
0 
1 4694
0 
2 2022 4579
2 2028 3691
0 
0 
0 
0 
0 
1 5194
0 
0 
0 
0 
0 
0 
1 1348
0 
1 50
0 
0 
0 
0 
0 
1 679
0 
0 
0 
0 
1 1173
0 
0 
0 
0 
0 
0 
0 
0 
0 
0 
0 
0 
0 
0 
1 3397
0 
0 
0 
1 1365
0 
0 
0 
1 899
1 1670
0 
0 
0 
1 3749
0 
1 2541
0 
0 
0 
0 
0 
0 
2 1773 4020
0 
1 2986
0 
0 
0 
3 1918 3263 4897
0 
0 
1 964
1 298
0 
2 755 1949
0 
0 
0 
0 
0 
1 960
0 
0 
0 
1 4192
0 
2 977 2704
0 
0 
0 
1 3076
1 3190
0 
0 
0 
1 2242
0 
0 
1 3471
0 
0 
0 
1 898
0 
1 1504
0 
0 
0 
0 
0 
0 
0 
0 
0 
2 4538 4754
0 
0 
0 
0 
0 
0 
1 1268
1 2501
0 
0 
1 1567
0 
1 4601
0 
0 
0 
0 
2 2641 5531
0 
1 3078
0 
0 
0 
0 
0 
1 5538
1 2052
0 
1 2401
0 
0 
0 
0 
0 
3 198 832 3414
0 
1 9
0 
0 
0 
0 
1 1474
0 
0 
1 4316
0 
1 337
0 
0 
1 1276
1 3376
0 
1 2036
0 
0 
0 
0 
0 
0 
0 
2 419 2230
0 
1 4253
0 
0 
0 
0 
0 
0 
1 1440
0 
2 1237 2106
1 5337
1 2256
0 
0 
0 
0 
0 
1 197
2 3107 4126
0 
0 
0 
0 
1 3239
0 
0 
1 542
2 33 2154
0 
0 
1 3407
0 
0 
0 
0 
0 
0 
0 
0 
1 476
0 
0 
0 
0 
0 
0 
0 
0 
1 1723
0 
0 
1 4784
1 2135
0 
0 
0 
1 745
0 
1 3367
0 
0 
0 
0 
0 
0 
0 
1 4067
2 430 629
1 2190
1 767
0 
0 
0 
0 
0 
0 
1 5527
0 
0 
1 3455
0 
0 
0 
0 
1 1131
1 3967
0 
0 
2 874 3985
1 251
1 1533
2 70 223
1 1845
0 
0 
0 
0 
1 5306
0 
1 3359
0 
0 
1 3934
0 
0 
0 
0 
1 4240
0 
0 
0 
0 
0 
1 3560
1 312
1 574
1 4746
1 567
0 
0 
1 5079
0 
0 
0 
0 
0 
2 1917 2442
2 1047 1275
0 
0 
1 2766
0 
0 
0 
0 
0 
0 
1 1995
0 
0 
1 2523
0 
0 
1 2373
2 2084 3658
0 
0 
0 
0 
0 
1 4524
0 
0 
0 
0 
0 
1 1479
2 296 1549
0 
0 
1 3377
1 3140
1 520
2 118 4950
1 3903
1 920
0 
0 
0 
0 
0 
2 459 3910
0 
0 
0 
0 
0 
0 
0 
0 
1 4407
0 
0 
0 
0 
3 1150 3168 4750
0 
1 3863
0 
4 404 2860 3050 3501
2 1763 3540
0 
0 
0 
0 
2 1145 2375
0 
0 
0 
0 
0 
0 
1 17
0 
0 
0 
0 
0 
0 
0 
0 
0 
0 
1 795
1 2225
0 
1 3475
0 
0 
0 
1 4546
0 
0 
0 
1 2610
0 
0 
1 978
0 
0 
1 268
0 
0 
1 2193
0 
1 4070
0 
0 
0 
1 3321
1 1382
0 
0 
0 
0 
0 
0 
1 818
0 
0 
0 
0 
1 3655
0 
1 4039
0 
0 
0 
1 4693
0 
0 
0 
0 
0 
0 
0 
0 
0 
0 
0 
0 
1 388
1 1420
0 
0 
0 
0 
0 
0 
0 
1 3309
0 
0 
0 
0 
1 598
1 4706
0 
0 
0 
0 
1 1096
0 
0 
0 
2 693 3380
1 3736
0 
0 
0 
0 
1 3255
0 
1 1599
0 
2 744 4136
1 3458
1 2158
0 
1 405
1 957
0 
0 
0 
0 
0 
1 2623
0 
0 
0 
0 
0 
1 2994
0 
2 2078 5510
1 3077
0 
0 
0 
0 
1 1157
0 
0 
0 
1 4549
0 
1 5268
0 
0 
0 
1 4233
0 
2 2234 4423
0 
0 
0 
0 
1 2683
0 
0 
0 
0 
0 
0 
0 
0 
0 
0 
0 
0 
0 
1 2811
12 67 680 1148 1260 1835 1842 2344 2470 2710 2861 3521 4359
0 
1 1187
0 
0 
1 2463
1 2768
1 4870
0 
0 
0 
0 
0 
1 1734
1 3308
1 1792
0 
0 
0 
0 
1 3866
0 
1 3209
0 
0 
1 1800
0 
2 1937 2777
0 
0 
1 2527
1 4938
0 
0 
0 
0 
0 
1 561
1 4185
1 86
0 
0 
2 728 815
0 
0 
0 
0 
2 2530 4394
0 
3 1577 2492 3525
0 
0 
0 
0 
0 
0 
2 4202 5414
1 3933
2 4010 4465
1 903
0 
0 
0 
0 
3 1218 2348 4340
0 
0 
0 
1 75
1 2674
0 
1 2984
0 
0 
0 
3 896 1426 4922
0 
0 
0 
0 
0 
1 3260
0 
0 
0 
0 
0 
1 4593
1 4562
1 5436
0 
0 
0 
0 
0 
1 1320
0 
0 
1 98
3 3453 4287 4968
1 743
1 2202
0 
2 3097 3935
0 
3 4212 4646 5001
0 
0 
1 4809
0 
0 
0 
0 
0 
1 3573
0 
0 
1 1369
0 
1 5461
1 5014
0 
0 
0 
1 4581
1 3511
0 
1 3840
0 
0 
1 4073
1 3535
0 
1 4219
0 
0 
2 881 2162
0 
0 
0 
0 
0 
0 
0 
0 
0 
0 
0 
0 
3 367 3860 4093
0 
1 3619
0 
0 
1 3026
0 
2 429 457
0 
0 
0 
0 
0 
0 
0 
0 
2 804 1140
0 
0 
0 
0 
0 
0 
0 
0 
0 
1 3008
0 
0 
0 
1 1133
1 2191
1 3894
0 
0 
0 
0 
1 1758
0 
0 
1 2110
1 3105
0 
1 3000
0 
2 1490 5099
0 
0 
0 
4 278 683 2700 5235
1 483
1 4405
0 
0 
1 4009
1 1715
0 
0 
0 
0 
1 2961
1 3110
1 1997
0 
1 4877
0 
0 
0 
0 
1 4832
1 220
0 
0 
0 
0 
0 
1 3319
0 
0 
0 
0 
1 2475
1 1515
0 
0 
0 
0 
0 
0 
0 
0 
0 
0 
1 88
0 
1 382
0 
0 
1 3859
1 310
0 
0 
0 
0 
2 3313 4332
0 
0 
0 
0 
1 1743
1 2857
0 
0 
1 2405
0 
0 
0 
1 888
0 
0 
1 3630
0 
0 
0 
0 
0 
1 5534
0 
1 1271
0 
0 
0 
0 
0 
1 5464
0 
1 2997
0 
1 4676
2 973 5466
0 
0 
0 
0 
0 
0 
0 
0 
0 
0 
0 
2 1713 2211
1 3724
0 
0 
0 
0 
1 4201
1 3718
2 1678 2513
2 2656 4880
0 
0 
1 1109
0 
0 
0 
0 
1 3905
0 
0 
0 
0 
0 
0 
1 4845
1 2813
1 3068
0 
0 
0 
0 
0 
1 3925
0 
0 
0 
0 
1 2988
0 
0 
0 
0 
0 
0 
0 
1 5278
0 
0 
1 1385
0 
1 142
0 
0 
0 
0 
0 
0 
0 
0 
0 
0 
0 
1 1038
0 
0 
0 
0 
0 
0 
0 
0 
0 
0 
0 
0 
0 
0 
0 
0 
0 
0 
0 
1 3830
0 
2 2629 5463
1 5325
0 
0 
0 
0 
1 5098
0 
1 2789
1 4467
0 
0 
1 3978
0 
2 1556 4234
0 
1 4422
0 
0 
0 
1 2204
0 
0 
0 
0 
0 
2 2420 5219
1 4570
0 
2 2808 4146
0 
0 
0 
0 
0 
0 
0 
0 
0 
1 3831
0 
0 
1 1178
0 
0 
0 
0 
1 1174
0 
1 1483
0 
0 
1 3966
0 
0 
0 
1 971
0 
0 
0 
0 
1 2241
1 99
0 
0 
0 
0 
1 724
0 
0 
1 3435
0 
0 
0 
0 
0 
2 179 4770
0 
0 
0 
1 3620
0 
0 
0 
0 
3 700 2166 5465
1 4415
0 
1 3662
0 
0 
0 
0 
0 
1 1327
0 
2 2565 4967
0 
0 
0 
1 1482
0 
1 2219
0 
0 
0 
0 
0 
0 
0 
0 
1 3206
0 
0 
1 605
2 4257 5304
0 
0 
0 
1 120
0 
0 
0 
0 
0 
0 
0 
0 
0 
0 
0 
0 
1 1415
1 5252
0 
0 
1 2872
0 
0 
0 
0 
0 
0 
0 
1 742
0 
0 
0 
0 
0 
0 
2 1004 2342
0 
1 2128
0 
0 
0 
0 
0 
0 
0 
1 4744
0 
1 2773
1 5275
0 
0 
0 
0 
0 
0 
0 
0 
0 
0 
0 
0 
0 
0 
0 
0 
0 
3 3400 4199 4652
1 1462
0 
0 
0 
0 
0 
1 2959
0 
0 
1 234
0 
0 
0 
0 
0 
0 
0 
0 
0 
0 
1 2267
1 2114
0 
0 
4 3124 4052 4471 5412
1 1730
0 
1 3990
1 287
0 
0 
2 998 4564
1 280
2 924 2477
0 
0 
0 
0 
0 
1 3726
0 
0 
0 
1 3875
0 
0 
1 3909
1 5293
0 
0 
0 
0 
0 
0 
0 
0 
3 513 3242 3696
0 
0 
1 4319
0 
0 
0 
0 
1 4933
1 2458
0 
0 
0 
0 
0 
0 
1 2905
0 
1 5250
0 
0 
0 
0 
0 
0 
0 
0 
0 
4 3194 4383 4588 5074
0 
0 
0 
1 3919
0 
0 
0 
1 3561
1 2179
0 
0 
0 
0 
0 
1 1184
0 
0 
0 
1 5246
0 
0 
0 
0 
1 5280
2 2825 3490
1 1233
1 5247
0 
0 
0 
1 4598
0 
0 
0 
0 
1 5400
2 640 4351
1 4945
2 2 124
0 
0 
0 
0 
2 776 3015
0 
2 2885 4112
0 
0 
0 
0 
0 
1 3089
0 
2 3701 3823
1 1278
0 
4 761 985 4296 5302
0 
0 
0 
0 
0 
3 64 2104 4430
0 
0 
1 1597
1 3667
1 2197
1 2254
1 2691
1 1572
0 
1 3553
0 
0 
0 
0 
0 
0 
0 
0 
0 
0 
0 
0 
0 
1 5382
0 
0 
0 
0 
0 
0 
0 
0 
2 499 3805
1 3424
0 
2 772 2137
0 
0 
1 2653
0 
1 2004
0 
0 
0 
2 119 5515
0 
0 
0 
1 1274
0 
1 1168
0 
1 3055
0 
0 
0 
0 
0 
0 
1 4232
1 2239
1 3852
0 
0 
0 
0 
0 
1 2018
1 584
0 
0 
0 
0 
1 2512
0 
0 
0 
0 
1 1771
2 531 2116
2 1538 5088
1 1610
2 354 4860
2 1356 4033
1 3024
3 2334 3569 5526
0 
0 
0 
0 
1 1630
0 
1 1325
0 
0 
0 
0 
0 
1 5055
1 510
0 
0 
0 
0 
0 
0 
0 
1 2573
0 
0 
0 
0 
0 
0 
0 
0 
0 
0 
0 
0 
0 
1 850
1 3062
0 
3 1078 1261 1569
1 4392
0 
2 3268 5332
3 259 1167 5032
0 
0 
0 
2 3468 5290
0 
0 
2 1720 2620
1 651
1 1451
1 5482
0 
0 
0 
0 
1 1875
0 
1 149
1 3369
1 3887
0 
0 
0 
0 
0 
0 
0 
0 
0 
0 
0 
0 
0 
0 
0 
0 
1 2779
0 
0 
0 
0 
2 1013 1516
0 
0 
0 
1 1598
1 1833
1 2282
0 
0 
0 
1 409
0 
0 
0 
1 5472
2 207 3095
1 4175
0 
0 
0 
0 
0 
0 
0 
1 0
0 
0 
0 
0 
0 
0 
0 
0 
1 2870
0 
0 
0 
0 
0 
1 2547
0 
0 
0 
1 2542
0 
0 
0 
0 
0 
0 
0 
0 
1 4614
0 
0 
0 
0 
0 
0 
1 2356
1 2478
0 
0 
0 
0 
0 
0 
0 
0 
0 
0 
0 
0 
0 
0 
0 
0 
1 4521
0 
0 
0 
1 2757
0 
0 
0 
1 2514
0 
0 
0 
0 
0 
0 
0 
0 
1 1291
0 
0 
0 
0 
0 
0 
2 126 322
0 
1 3606
0 
0 
0 
1 2168
1 4788
0 
0 
0 
0 
0 
0 
1 961
0 
0 
0 
1 456
0 
0 
0 
0 
1 5346
0 
1 565
0 
1 1975
0 
0 
0 
0 
0 
0 
0 
0 
1 2864
0 
0 
0 
1 173
0 
0 
0 
0 
1 3530
1 227
1 2897
0 
0 
0 
0 
0 
1 3391
0 
0 
0 
0 
0 
0 
1 3064
0 
0 
0 
0 
0 
1 5127
0 
3 364 3631 3669
0 
0 
1 3889
1 2504
0 
2 3722 4513
0 
0 
1 1886
0 
0 
0 
0 
0 
0 
0 
0 
1 819
0 
1 368
1 1671
0 
0 
3 663 5535 5544
0 
1 4918
0 
0 
0 
0 
0 
0 
1 764
0 
2 1118 4957
0 
0 
0 
0 
0 
0 
0 
1 2069
0 
0 
0 
0 
0 
0 
1 4837
0 
0 
1 3640
0 
0 
0 
0 
1 1293
0 
0 
1 2890
1 2102
0 
0 
1 4633
0 
0 
0 
1 3697
2 1277 1298
0 
0 
0 
0 
0 
0 
0 
0 
0 
0 
1 3685
0 
0 
0 
0 
1 5068
0 
1 5379
1 4829
0 
0 
0 
1 5199
0 
1 529
0 
0 
0 
0 
0 
0 
0 
0 
0 
0 
0 
0 
0 
0 
1 4343
0 
1 1741
0 
0 
1 4989
0 
0 
1 1384
0 
0 
0 
0 
0 
0 
0 
0 
2 907 5486
0 
0 
0 
0 
0 
1 2717
0 
0 
0 
1 3056
0 
0 
0 
2 2061 2155
0 
0 
0 
1 4847
1 2642
0 
0 
1 1179
0 
0 
0 
0 
1 4981
0 
0 
0 
1 3918
0 
1 1960
1 3534
1 4976
0 
0 
1 2466
0 
0 
0 
1 3807
1 5498
0 
0 
0 
1 3616
0 
0 
2 219 2569
0 
0 
0 
0 
0 
0 
0 
0 
0 
0 
2 1586 1981
1 379
0 
0 
0 
0 
1 4445
0 
0 
0 
0 
0 
0 
1 4639
0 
0 
0 
0 
0 
0 
0 
2 2910 3591
1 2048
0 
0 
0 
0 
0 
0 
0 
0 
0 
1 1565
2 491 4666
1 3459
0 
0 
1 1887
0 
1 83
1 5167
0 
0 
0 
1 417
4 1161 2518 3362 4899
0 
0 
0 
0 
0 
0 
0 
1 4700
1 1121
0 
2 2962 4942
0 
1 530
0 
1 580
2 2661 3914
0 
0 
1 4576
2 1286 2809
0 
0 
0 
2 2382 4924
1 1472
0 
0 
0 
1 3622
0 
2 2124 4135
0 
0 
0 
0 
0 
1 471
1 883
1 3856
0 
0 
0 
0 
0 
1 5053
1 189
0 
0 
2 4094 4197
1 2665
0 
0 
0 
0 
1 4074
0 
0 
0 
0 
0 
0 
0 
0 
1 3482
1 420
2 847 3246
0 
0 
2 2233 3286
0 
0 
0 
0 
0 
0 
0 
1 55
0 
1 3333
0 
0 
1 3019
0 
0 
0 
0 
0 
0 
1 5437
1 2221
0 
1 4320
0 
0 
1 2417
0 
0 
1 4587
0 
1 3340
0 
0 
0 
0 
1 37
0 
0 
0 
0 
0 
0 
0 
0 
0 
0 
0 
0 
0 
0 
0 
1 362
1 4730
0 
0 
0 
0 
0 
1 1625
0 
1 1501
1 4431
1 3957
3 686 4348 4369
0 
0 
0 
0 
0 
0 
1 5137
2 394 5128
1 3081
1 365
0 
1 1362
2 1195 5492
0 
1 4810
0 
1 1468
0 
2 1006 1654
0 
0 
0 
0 
0 
0 
1 5361
0 
0 
1 1011
0 
0 
0 
3 8 1523 4237
0 
1 1111
0 
0 
0 
0 
0 
0 
0 
0 
0 
0 
1 380
0 
3 1042 2506 4054
0 
1 1236
3 5 2658 4338
0 
0 
0 
0 
1 3529
1 4763
0 
0 
0 
0 
0 
0 
0 
0 
0 
1 1317
0 
0 
0 
1 2331
0 
0 
0 
0 
0 
0 
1 1726
0 
0 
0 
0 
0 
0 
0 
1 2325
0 
0 
0 
2 2592 5378
0 
0 
0 
0 
0 
0 
0 
0 
0 
0 
0 
0 
0 
0 
0 
1 2140
0 
0 
0 
1 4122
0 
0 
0 
0 
0 
1 588
0 
2 1380 1585
1 3611
1 5313
0 
0 
0 
0 
1 3146
2 477 1396
1 922
1 269
0 
0 
0 
2 2081 4102
0 
0 
0 
0 
1 5310
0 
0 
0 
0 
0 
0 
0 
0 
1 3434
0 
0 
0 
0 
0 
1 3087
0 
1 3551
0 
0 
0 
0 
0 
0 
0 
0 
0 
1 1449
1 601
2 1581 1863
0 
0 
0 
4 548 622 2963 4907
0 
0 
0 
1 4389
0 
0 
0 
0 
0 
0 
0 
1 369
0 
2 2455 4242
1 4894
0 
0 
0 
1 4930
0 
1 45
0 
0 
0 
1 3844
0 
0 
0 
0 
1 1543
0 
0 
2 22 4842
0 
1 2136
0 
1 2416
0 
0 
1 3410
0 
1 3481
0 
0 
0 
0 
0 
0 
1 3049
0 
1 2602
0 
0 
0 
0 
0 
0 
1 2453
0 
1 1706
0 
0 
1 39
0 
1 4728
0 
0 
1 814
0 
0 
0 
0 
0 
0 
0 
0 
0 
0 
0 
0 
0 
0 
0 
0 
0 
0 
1 3096
0 
0 
0 
0 
0 
0 
1 1206
0 
0 
0 
0 
0 
0 
0 
2 2747 3332
0 
0 
0 
1 138
1 2876
2 879 1588
0 
0 
1 4147
1 2929
0 
0 
0 
0 
0 
0 
0 
0 
0 
0 
1 2823
0 
0 
1 1644
0 
0 
0 
0 
1 5336
0 
0 
0 
0 
0 
0 
1 3562
1 4134
0 
2 546 4727
0 
0 
0 
0 
0 
0 
0 
0 
0 
0 
0 
1 387
0 
2 721 2479
0 
1 4181
1 4790
1 262
0 
0 
0 
0 
0 
1 2638
0 
0 
1 2852
0 
0 
0 
0 
1 4110
0 
0 
0 
1 1196
0 
0 
0 
0 
2 101 3408
0 
0 
0 
0 
1 3730
2 4 1760
0 
0 
0 
0 
0 
0 
0 
1 5520
0 
2 56 4424
1 3808
0 
0 
2 887 3547
0 
0 
0 
0 
0 
1 2723
1 1374
0 
2 3166 3992
0 
0 
1 4411
0 
0 
0 
0 
0 
0 
1 2098
0 
0 
0 
0 
1 3579
0 
0 
0 
0 
2 674 3699
2 2248 4635
1 1411
0 
0 
1 5523
0 
0 
1 3731
0 
0 
0 
3 178 587 3127
2 1541 3356
1 5485
0 
1 2550
0 
0 
0 
0 
1 4529
0 
0 
0 
0 
0 
0 
0 
0 
0 
1 3791
0 
0 
1 3870
0 
0 
0 
1 2793
1 2611
0 
0 
0 
0 
0 
0 
0 
1 2920
2 1737 4304
0 
1 5477
0 
0 
3 240 828 3890
1 1537
0 
0 
0 
0 
0 
0 
0 
2 1600 3216
1 1958
0 
0 
0 
1 1392
0 
0 
0 
1 133
0 
0 
0 
1 4703
1 1473
0 
0 
0 
0 
1 3939
0 
0 
0 
0 
0 
1 2967
0 
0 
0 
0 
0 
0 
0 
0 
0 
0 
3 1780 4994 5317
1 639
0 
0 
0 
0 
0 
0 
1 4905
0 
1 2627
0 
1 2291
1 1945
3 689 2139 2320
0 
0 
0 
0 
0 
2 4775 5183
0 
1 3010
0 
1 263
0 
0 
0 
1 1032
1 3447
1 1018
0 
0 
0 
0 
1 4436
0 
2 1540 4531
2 209 3505
0 
0 
0 
1 1834
0 
0 
1 2898
1 3613
0 
0 
0 
0 
1 4748
0 
0 
0 
0 
0 
1 3039
0 
0 
1 1450
0 
0 
1 3583
2 2056 2131
0 
0 
2 3953 5007
0 
0 
0 
0 
1 1633
0 
1 2410
1 851
0 
0 
0 
1 5124
0 
0 
1 523
0 
0 
0 
0 
0 
1 5316
4 213 3891 4595 4667
0 
1 1924
1 2101
0 
1 5348
1 4969
0 
0 
0 
1 695
0 
0 
0 
0 
0 
0 
0 
0 
0 
0 
0 
0 
0 
1 4697
1 4292
0 
0 
1 4675
1 3144
1 282
0 
0 
1 4875
0 
0 
0 
0 
1 4400
0 
3 4288 5388 5550
1 5347
1 1902
2 3283 4180
0 
0 
0 
1 4998
1 4718
0 
0 
0 
0 
1 5363
0 
0 
1 1262
0 
0 
1 1216
1 4174
0 
0 
1 2533
0 
0 
0 
1 3518
0 
1 3864
0 
0 
1 2668
0 
1 2164
2 432 4522
2 1087 1498
0 
0 
0 
1 5100
0 
0 
1 609
0 
0 
0 
1 181
0 
0 
1 5281
0 
0 
0 
0 
0 
0 
1 5075
0 
2 1105 3514
0 
0 
0 
2 2326 3834
0 
0 
0 
1 3345
0 
0 
0 
0 
0 
0 
0 
0 
1 2794
0 
0 
0 
0 
0 
1 3225
0 
1 3998
0 
0 
1 4527
0 
0 
0 
0 
0 
0 
0 
0 
0 
1 5185
1 3469
2 2539 3361
0 
1 2697
0 
0 
0 
1 779
1 1791
0 
0 
0 
0 
0 
0 
0 
0 
0 
1 4710
0 
0 
0 
0 
0 
0 
0 
0 
0 
0 
0 
0 
0 
0 
0 
0 
0 
0 
0 
0 
0 
0 
0 
0 
2 1439 4091
0 
0 
0 
1 799
0 
0 
0 
0 
0 
0 
0 
0 
0 
0 
0 
0 
0 
0 
0 
1 5241
1 4603
1 4324
0 
0 
0 
0 
0 
1 4183
0 
0 
0 
0 
0 
0 
0 
0 
0 
0 
0 
1 333
0 
0 
0 
0 
1 490
0 
0 
1 3426
0 
0 
0 
0 
0 
0 
0 
0 
0 
0 
0 
1 4372
0 
0 
0 
0 
0 
0 
0 
2 2680 4669
0 
0 
1 2608
0 
0 
1 3692
0 
0 
0 
1 5435
0 
0 
0 
0 
0 
0 
0 
0 
0 
1 4760
1 3675
0 
0 
0 
0 
0 
0 
0 
0 
0 
1 2845
1 3004
0 
1 2568
0 
2 1757 3051
0 
0 
0 
0 
0 
0 
0 
0 
1 1119
0 
0 
0 
1 2358
1 1801
2 1535 5251
0 
0 
0 
0 
0 
0 
0 
1 2471
1 2764
0 
0 
1 2261
1 4241
0 
1 933
1 4915
0 
1 5444
0 
0 
0 
1 205
0 
0 
0 
2 3710 5460
0 
0 
0 
0 
0 
1 2607
0 
0 
1 889
0 
0 
0 
0 
1 3161
0 
0 
1 4344
0 
1 4235
1 3920
0 
0 
1 3418
1 3141
1 1675
2 5006 5188
0 
0 
1 2321
0 
1 4771
0 
0 
0 
0 
0 
0 
1 3155
0 
0 
0 
0 
0 
0 
0 
1 921
0 
0 
0 
0 
0 
0 
0 
0 
0 
1 2186
0 
0 
0 
0 
0 
0 
0 
0 
0 
0 
0 
0 
1 1705
2 4272 5387
0 
1 1510
0 
0 
0 
0 
0 
0 
1 4379
1 2657
0 
0 
0 
2 1552 2751
0 
1 3294
1 4123
0 
0 
3 442 3871 4797
1 4778
0 
1 1285
0 
0 
1 2068
0 
1 1215
0 
1 2097
0 
1 3836
0 
0 
0 
0 
0 
1 1406
0 
2 2079 5480
0 
0 
0 
0 
1 5238
0 
0 
1 3250
0 
0 
1 4261
1 2733
1 940
0 
0 
0 
0 
1 3751
0 
0 
0 
0 
0 
0 
0 
0 
0 
0 
0 
0 
0 
0 
0 
1 2360
0 
1 3853
0 
0 
0 
1 5082
1 994
0 
0 
0 
1 4205
0 
1 5277
1 3060
2 2169 2322
0 
0 
0 
0 
0 
1 798
0 
0 
0 
0 
2 770 4670
0 
0 
1 4565
0 
1 4276
0 
0 
0 
0 
0 
2 1060 2465
0 
0 
0 
0 
0 
0 
0 
0 
0 
1 375
1 2450
1 3596
0 
0 
1 2729
0 
2 4631 5326
0 
1 5371
0 
0 
0 
0 
0 
0 
2 113 4225
1 594
0 
0 
0 
0 
0 
0 
0 
0 
0 
0 
0 
0 
0 
1 3506
0 
0 
0 
0 
6 579 1164 1290 1783 2045 3636
0 
0 
1 4707
0 
0 
0 
0 
0 
0 
0 
0 
0 
0 
2 3792 4456
0 
0 
0 
0 
1 1053
0 
2 1840 3901
1 1668
1 3188
0 
0 
0 
0 
0 
0 
1 1943
1 2734
1 2818
0 
0 
1 4889
1 5223
0 
0 
1 5459
0 
0 
0 
0 
0 
0 
0 
0 
0 
0 
0 
0 
0 
0 
0 
0 
1 2495
1 5043
0 
1 1977
1 4154
0 
1 4668
0 
1 1899
1 2033
0 
0 
1 5148
0 
0 
0 
0 
0 
0 
0 
2 2553 3233
0 
0 
0 
1 1596
0 
0 
0 
0 
0 
0 
0 
1 527
0 
0 
0 
0 
0 
0 
0 
1 1453
0 
0 
0 
0 
0 
0 
0 
1 1860
0 
0 
0 
0 
0 
0 
1 4561
0 
0 
0 
0 
0 
0 
0 
0 
2 2976 4804
0 
1 4762
1 400
0 
0 
1 545
1 2349
1 1166
1 5047
0 
0 
1 4043
0 
0 
0 
1 2648
0 
0 
0 
1 4468
1 746
0 
0 
0 
0 
0 
0 
0 
0 
0 
0 
1 4071
0 
0 
0 
1 2702
0 
1 3854
0 
1 4951
0 
1 1316
0 
0 
0 
0 
0 
0 
1 3729
1 1224
1 4386
0 
0 
0 
1 1101
0 
0 
0 
0 
1 4271
0 
0 
0 
0 
0 
0 
0 
0 
0 
0 
0 
1 447
0 
0 
0 
1 669
1 1295
0 
0 
0 
0 
0 
0 
0 
1 3507
0 
0 
0 
0 
0 
0 
0 
0 
0 
0 
1 2490
0 
1 714
0 
1 2739
0 
0 
0 
0 
2 2099 4184
0 
1 4381
0 
1 5168
0 
0 
0 
1 107
0 
1 5392
0 
0 
0 
1 3272
2 1016 4158
0 
0 
1 3203
0 
0 
0 
0 
1 1073
2 2280 4388
0 
1 4864
0 
0 
0 
0 
1 52
1 2663
0 
0 
1 4499
0 
0 
1 5334
0 
0 
0 
1 4251
0 
0 
1 2384
1 5034
0 
0 
1 2973
0 
0 
0 
0 
1 990
0 
0 
0 
0 
2 5455 5469
2 852 2921
0 
0 
0 
1 4941
0 
0 
0 
1 790
0 
0 
0 
0 
0 
0 
0 
2 2451 3960
1 3681
1 1594
0 
0 
2 1201 1699
1 1506
0 
3 245 2561 2718
0 
2 358 1811
0 
0 
0 
1 2258
0 
0 
0 
1 3240
0 
0 
1 18
1 3486
0 
0 
0 
1 168
0 
0 
0 
1 5145
0 
0 
1 4195
0 
0 
1 3098
0 
0 
0 
1 1126
1 4259
0 
0 
0 
0 
0 
0 
0 
0 
0 
0 
0 
1 3712
1 1086
1 1673
0 
0 
0 
0 
1 4958
0 
0 
0 
0 
1 3716
0 
0 
0 
0 
0 
0 
0 
0 
0 
0 
0 
0 
1 5196
0 
1 3278
0 
0 
1 504
0 
1 4021
0 
0 
1 3033
0 
1 4314
0 
0 
0 
1 5507
0 
1 507
1 2217
1 3157
0 
1 1075
0 
0 
0 
0 
0 
0 
0 
0 
2 884 3915
0 
0 
0 
0 
0 
0 
0 
0 
0 
0 
0 
0 
0 
0 
1 4317
0 
1 2686
0 
0 
1 2812
0 
0 
1 5540
1 303
0 
1 1913
0 
0 
0 
0 
1 4322
0 
0 
0 
0 
1 1129
0 
0 
1 5041
0 
1 3277
1 4469
1 766
0 
0 
0 
0 
0 
1 1765
2 3154 4608
0 
2 1873 1935
1 5330
0 
0 
1 538
1 4461
0 
1 4532
0 
0 
0 
1 5115
1 2119
1 4045
0 
0 
0 
0 
1 2026
0 
0 
0 
4 1221 2646 3617 5335
0 
0 
0 
0 
0 
1 3822
2 2726 3375
0 
0 
0 
0 
0 
1 2024
0 
1 2703
0 
0 
2 1155 3804
0 
0 
0 
0 
0 
3 2368 3303 4449
0 
0 
1 1719
0 
0 
0 
0 
0 
0 
0 
0 
0 
0 
0 
0 
0 
0 
1 5415
0 
0 
0 
1 3971
0 
0 
0 
1 4258
1 2294
0 
0 
0 
0 
0 
0 
1 2014
0 
0 
0 
0 
1 873
0 
0 
1 2000
0 
0 
2 1846 5424
0 
2 1457 2695
0 
0 
0 
0 
0 
0 
0 
1 1043
2 2414 4077
0 
0 
0 
0 
1 1544
0 
1 231
0 
0 
2 1368 5422
1 4214
1 1946
0 
1 2418
0 
1 823
0 
0 
0 
0 
0 
0 
0 
0 
1 2121
0 
0 
0 
0 
2 1284 2376
0 
1 2273
0 
1 5426
0 
0 
1 3009
1 4578
0 
0 
0 
1 4643
1 3296
1 5089
0 
1 3324
0 
0 
0 
0 
0 
0 
0 
0 
0 
1 2445
0 
2 2461 4066
0 
2 4443 4787
0 
2 216 2071
0 
2 2364 5000
2 908 3312
0 
0 
0 
0 
0 
1 3269
0 
0 
0 
1 4194
0 
0 
0 
0 
1 4783
0 
1 3987
1 1906
0 
0 
0 
1 4345
0 
1 4044
0 
0 
2 427 4476
0 
0 
1 1925
0 
1 2480
0 
0 
0 
0 
0 
2 716 5324
0 
0 
1 3670
0 
0 
0 
0 
0 
0 
0 
0 
0 
0 
0 
0 
0 
1 3205
0 
0 
0 
0 
1 1036
0 
0 
0 
0 
1 1779
0 
0 
0 
0 
0 
0 
0 
0 
0 
0 
0 
0 
2 1661 3556
0 
2 3343 3608
0 
0 
1 549
0 
1 2279
0 
0 
0 
0 
0 
0 
0 
0 
0 
1 2044
0 
0 
0 
0 
2 1342 1559
0 
0 
0 
0 
0 
0 
0 
0 
0 
0 
1 3231
0 
0 
0 
0 
0 
0 
0 
1 2182
1 2740
0 
0 
0 
0 
0 
0 
0 
1 2040
0 
0 
2 1447 2462
0 
0 
0 
0 
0 
0 
0 
0 
0 
0 
0 
1 1097
1 613
0 
0 
0 
1 5270
0 
1 3517
0 
0 
1 5133
0 
0 
1 5144
0 
0 
2 1606 2365
0 
0 
0 
0 
1 3989
1 3687
0 
0 
0 
1 164
0 
0 
0 
1 4940
1 2918
0 
0 
0 
1 2769
0 
2 935 2400
0 
0 
0 
0 
0 
2 2005 5440
0 
3 705 1646 4003
0 
0 
1 90
0 
0 
1 3405
0 
0 
0 
0 
1 3259
0 
0 
0 
0 
0 
0 
0 
0 
0 
0 
0 
0 
0 
0 
1 1988
0 
0 
0 
0 
0 
1 1941
0 
0 
0 
0 
1 3462
0 
0 
0 
0 
0 
0 
0 
0 
0 
0 
1 2892
0 
1 5367
0 
1 3884
0 
0 
0 
0 
0 
1 3498
0 
0 
0 
1 3084
2 1564 1931
0 
0 
0 
0 
0 
0 
0 
1 3878
0 
0 
0 
0 
2 291 591
0 
1 3022
1 4858
0 
0 
0 
0 
0 
0 
2 355 3970
2 353 2985
1 5163
0 
0 
1 1881
0 
1 5017
0 
2 3745 5501
0 
0 
0 
3 1230 1947 2059
0 
0 
0 
0 
0 
1 4092
0 
0 
1 3538
2 595 3520
0 
0 
0 
1 1229
1 3986
0 
0 
0 
0 
0 
0 
0 
0 
1 4000
0 
0 
0 
0 
1 157
1 2010
1 2454
0 
1 3028
0 
1 2534
0 
2 1731 3323
0 
0 
0 
0 
0 
0 
2 1575 5240
0 
0 
1 3048
0 
0 
1 1090
0 
0 
0 
0 
0 
0 
0 
0 
0 
1 1787
1 2200
0 
0 
0 
0 
0 
0 
0 
0 
0 
2 942 4648
0 
0 
0 
1 1799
0 
0 
0 
0 
0 
0 
0 
1 4772
1 918
0 
1 2391
0 
4 3587 3913 4692 5351
0 
0 
0 
0 
0 
0 
0 
0 
0 
0 
0 
1 4072
1 848
0 
0 
1 23
0 
1 902
0 
1 2628
0 
0 
0 
0 
0 
0 
1 3160
1 136
1 2637
0 
0 
1 4283
0 
1 2634
0 
0 
0 
1 285
0 
2 330 4642
0 
0 
1 5149
0 
0 
0 
1 1252
0 
0 
0 
0 
0 
0 
0 
0 
1 5059
1 3125
0 
1 1364
0 
3 2347 4305 4990
2 440 3543
1 4132
0 
0 
1 967
1 2149
0 
0 
0 
0 
0 
0 
0 
0 
0 
3 438 3432 5318
0 
1 3917
0 
0 
0 
0 
0 
2 2473 4256
1 5224
1 4354
0 
0 
0 
0 
0 
0 
0 
0 
0 
1 1332
0 
0 
1 3104
2 1761 3385
0 
0 
1 4867
0 
0 
0 
0 
0 
0 
1 1605
1 5289
0 
1 5056
0 
0 
3 2226 2354 3683
0 
0 
0 
0 
1 5393
0 
0 
0 
0 
0 
0 
1 2884
0 
0 
0 
0 
1 2201
0 
0 
0 
0 
0 
0 
0 
2 212 3900
1 1651
0 
0 
0 
1 2619
0 
2 730 2951
1 4447
0 
0 
0 
0 
0 
0 
0 
0 
0 
1 4239
1 10
0 
0 
0 
0 
0 
0 
1 4811
0 
1 1159
0 
1 3202
0 
0 
0 
0 
2 872 4463
1 1930
0 
0 
0 
0 
0 
0 
0 
1 3451
0 
0 
0 
0 
0 
0 
0 
0 
2 925 4921
0 
0 
1 2785
0 
0 
0 
0 
1 4139
0 
0 
0 
0 
0 
0 
1 570
0 
0 
0 
0 
0 
0 
0 
1 3036
1 2556
0 
0 
0 
0 
0 
0 
0 
0 
0 
0 
1 2632
1 4653
0 
0 
0 
0 
0 
0 
1 1805
0 
0 
2 747 1455
0 
2 323 1154
0 
3 82 2046 3433
1 2780
0 
0 
1 803
0 
0 
0 
0 
0 
0 
0 
0 
0 
0 
0 
1 2302
0 
0 
0 
1 4592
0 
2 1113 3550
0 
0 
0 
0 
0 
0 
1 4434
1 5155
0 
0 
1 1828
0 
0 
2 439 4953
1 28
0 
0 
1 5364
1 701
0 
2 4813 5253
0 
0 
2 982 1104
1 294
0 
0 
1 373
0 
0 
0 
1 3578
0 
0 
1 316
0 
0 
0 
0 
0 
0 
0 
0 
1 1185
0 
0 
0 
2 1232 1815
0 
0 
0 
0 
0 
1 2970
2 3932 4647
0 
0 
0 
0 
0 
1 4699
0 
0 
0 
0 
0 
0 
0 
1 1628
1 1253
0 
0 
0 
0 
0 
0 
0 
0 
0 
0 
0 
0 
0 
0 
0 
2 2002 2664
0 
0 
0 
0 
0 
0 
0 
0 
0 
1 553
0 
1 5263
1 2536
0 
0 
0 
1 2832
0 
1 1022
0 
0 
0 
0 
2 3785 4330
0 
2 1000 2198
0 
0 
1 1694
0 
0 
0 
0 
1 1614
0 
0 
0 
1 4626
0 
2 1226 1866
0 
3 1250 1526 2844
0 
1 562
1 522
0 
0 
0 
1 2840
0 
0 
0 
1 3139
0 
1 5303
0 
0 
0 
0 
0 
0 
0 
0 
2 464 1750
0 
0 
0 
0 
0 
0 
0 
0 
0 
0 
0 
0 
0 
0 
0 
1 3663
0 
0 
0 
0 
0 
1 763
0 
0 
0 
0 
0 
0 
0 
0 
0 
0 
0 
0 
1 5002
0 
0 
0 
0 
0 
0 
0 
0 
0 
0 
1 4048
0 
0 
0 
2 71 986
1 4766
0 
0 
0 
0 
0 
0 
2 569 5536
0 
0 
0 
0 
0 
0 
0 
1 3832
1 3465
0 
0 
0 
0 
0 
0 
1 2517
0 
0 
0 
0 
0 
0 
1 4353
0 
0 
1 5060
0 
0 
0 
0 
0 
1 3069
0 
1 5374
0 
0 
0 
1 5258
0 
0 
0 
0 
1 324
0 
0 
0 
0 
1 1733
0 
0 
2 2932 3686
0 
0 
0 
0 
0 
0 
0 
0 
1 3946
0 
0 
0 
0 
0 
0 
1 2945
0 
1 1573
0 
0 
0 
1 3770
0 
1 5508
0 
1 5331
0 
0 
0 
0 
0 
1 3043
0 
0 
0 
1 5539
0 
0 
1 346
0 
0 
0 
0 
0 
0 
0 
0 
0 
1 5450
0 
0 
0 
0 
0 
1 1054
0 
0 
0 
0 
1 4517
0 
0 
0 
0 
1 3734
0 
1 4846
1 3693
0 
1 4946
1 1650
0 
0 
1 3165
0 
0 
0 
0 
0 
0 
0 
0 
0 
0 
0 
0 
1 1067
0 
6 608 1528 3850 4368 4869 5434
1 2707
0 
0 
0 
0 
0 
0 
0 
0 
0 
1 4450
0 
1 1967
1 2915
1 988
0 
2 489 4823
1 4356
1 1631
0 
2 84 2875
0 
0 
1 4518
0 
1 3638
0 
1 3450
0 
0 
0 
0 
0 
0 
0 
0 
0 
0 
1 3615
0 
0 
0 
0 
0 
0 
0 
0 
0 
0 
0 
0 
0 
0 
0 
0 
0 
1 115
0 
0 
0 
0 
0 
0 
2 196 963
0 
0 
0 
1 5237
1 3865
0 
1 1677
0 
1 797
0 
0 
0 
3 1031 2928 3659
1 1613
0 
1 4657
0 
0 
0 
0 
0 
0 
0 
0 
0 
0 
1 2329
0 
0 
0 
1 1458
0 
0 
0 
0 
0 
0 
0 
0 
0 
0 
0 
1 975
0 
0 
0 
2 1082 1672
0 
1 2594
0 
0 
1 2999
0 
0 
0 
0 
1 3497
1 3086
0 
0 
1 4446
0 
0 
0 
0 
1 4089
0 
0 
0 
0 
0 
0 
0 
0 
0 
0 
1 4023
0 
3 377 996 3421
0 
0 
0 
0 
1 1664
1 1962
0 
0 
0 
0 
1 3565
2 773 4302
0 
1 1258
0 
0 
0 
0 
1 4291
1 2371
0 
0 
1 1579
1 4740
0 
0 
1 408
0 
0 
0 
1 1818
1 2894
0 
0 
0 
0 
0 
0 
1 1401
1 4591
0 
0 
2 27 1744
0 
1 1603
0 
0 
0 
0 
0 
1 1636
0 
0 
0 
1 4414
0 
0 
0 
0 
0 
0 
0 
0 
0 
0 
0 
1 270
0 
0 
0 
0 
1 3330
0 
0 
0 
0 
0 
0 
1 4547
0 
1 675
0 
1 3079
0 
1 1072
0 
0 
1 1409
0 
0 
0 
1 2941
1 3961
0 
0 
0 
1 4868
0 
1 4222
0 
1 2841
0 
1 1722
0 
1 4425
1 1503
1 3143
2 3065 5072
0 
3 1777 2016 5377
1 1127
1 1829
0 
0 
1 5457
1 242
4 740 2583 4555 5502
1 2883
1 1554
1 1856
1 3102
0 
0 
0 
1 4885
1 3781
0 
0 
0 
0 
0 
0 
0 
0 
0 
0 
0 
0 
1 563
1 806
1 4331
0 
0 
2 1193 2290
1 2287
1 3653
0 
0 
2 495 4012
0 
0 
0 
0 
0 
0 
2 1470 4371
0 
0 
0 
0 
0 
0 
0 
0 
0 
0 
0 
1 4496
0 
0 
0 
0 
0 
1 1624
1 2276
0 
0 
0 
1 3839
0 
1 619
0 
0 
0 
0 
0 
0 
1 2866
0 
0 
1 4873
0 
0 
0 
0 
0 
1 616
1 1529
0 
0 
3 1776 4042 5160
0 
0 
0 
0 
0 
0 
1 4208
0 
1 3782
1 5049
0 
0 
0 
1 1623
1 1513
0 
0 
0 
1 1802
0 
2 2210 2567
0 
0 
0 
0 
0 
1 277
0 
0 
1 4605
0 
0 
0 
0 
0 
1 5120
1 4339
1 1436
0 
0 
0 
0 
0 
0 
0 
0 
0 
1 1388
1 1963
0 
0 
0 
1 1175
0 
0 
0 
0 
0 
0 
0 
0 
1 4558
0 
0 
1 5186
1 3947
0 
1 3762
1 2074
0 
0 
0 
1 4310
0 
0 
1 1704
0 
0 
0 
0 
0 
0 
0 
0 
0 
1 48
0 
0 
1 780
1 12
0 
0 
0 
1 3169
0 
0 
1 1807
0 
0 
0 
0 
0 
0 
1 3907
0 
0 
0 
0 
0 
0 
0 
0 
0 
0 
1 2775
0 
0 
0 
0 
0 
1 3395
0 
0 
1 1663
0 
1 673
1 3567
1 4028
0 
1 842
0 
0 
0 
0 
0 
1 4959
0 
0 
2 3085 4674
1 1853
0 
0 
0 
0 
0 
0 
0 
0 
0 
1 1781
0 
0 
0 
1 4501
2 1695 2351
1 1914
0 
0 
0 
0 
1 5479
0 
0 
0 
0 
0 
0 
1 2307
0 
1 3532
0 
0 
0 
0 
1 232
2 670 912
0 
0 
0 
0 
0 
0 
1 3063
2 4016 5192
0 
0 
0 
0 
1 4993
0 
0 
1 4908
0 
0 
0 
1 4866
1 4948
2 1417 4641
1 600
0 
0 
2 3647 4920
0 
0 
0 
1 2430
0 
0 
0 
0 
0 
1 307
0 
0 
0 
0 
2 431 3972
0 
0 
0 
0 
0 
0 
2 517 858
0 
0 
1 1091
0 
0 
0 
2 3307 5439
0 
0 
0 
0 
0 
0 
0 
0 
1 1852
1 1350
0 
0 
0 
0 
1 1435
1 3275
0 
0 
2 249 3542
0 
2 1300 4038
0 
0 
1 869
0 
0 
0 
0 
0 
0 
0 
0 
0 
0 
0 
1 4064
1 4514
0 
0 
0 
1 1505
1 759
1 4733
0 
0 
1 954
0 
0 
0 
0 
2 5402 5533
0 
0 
0 
1 1310
1 1645
0 
1 4745
0 
0 
0 
0 
0 
1 2281
2 1753 5178
0 
0 
0 
0 
1 2622
0 
1 3674
0 
1 5110
1 1062
0 
0 
1 5305
0 
0 
0 
1 297
0 
1 1399
0 
0 
1 5013
0 
0 
0 
0 
0 
0 
0 
0 
0 
0 
0 
0 
0 
0 
0 
0 
0 
0 
0 
0 
0 
0 
0 
1 706
1 2716
0 
0 
1 5191
0 
0 
0 
0 
0 
0 
0 
0 
0 
2 1511 2799
1 4704
0 
0 
0 
0 
0 
0 
0 
0 
0 
0 
1 1950
1 434
0 
2 349 2639
0 
1 3466
1 389
0 
1 4267
0 
1 5389
0 
0 
0 
0 
0 
0 
0 
0 
0 
0 
1 5321
0 
0 
0 
0 
0 
1 2224
0 
0 
0 
0 
0 
0 
2 4440 5264
0 
0 
1 2381
0 
0 
1 3725
0 
0 
0 
0 
0 
0 
0 
0 
0 
0 
0 
0 
0 
0 
0 
0 
0 
1 4152
1 4567
0 
1 1367
0 
0 
0 
0 
0 
1 1076
0 
0 
0 
0 
0 
0 
0 
0 
0 
0 
0 
1 1235
1 309
1 172
1 943
0 
0 
1 1181
0 
0 
2 1209 1648
1 4083
0 
0 
2 1480 3639
0 
0 
0 
0 
0 
0 
1 4965
0 
0 
0 
0 
0 
0 
1 1824
0 
1 4373
0 
0 
1 3545
1 4149
1 1366
0 
0 
0 
0 
1 260
0 
0 
0 
1 3057
0 
1 2742
0 
0 
0 
0 
1 620
1 4366
0 
0 
0 
0 
1 3624
0 
0 
0 
0 
0 
0 
0 
0 
0 
1 4786
0 
0 
1 876
0 
0 
0 
0 
1 3677
3 611 1861 1956
0 
1 606
0 
2 193 5338
0 
0 
0 
0 
0 
0 
0 
0 
0 
0 
0 
0 
0 
0 
0 
0 
1 543
0 
0 
0 
0 
1 2271
0 
0 
0 
0 
0 
0 
0 
0 
0 
0 
3 1315 2969 3254
0 
0 
0 
0 
1 2231
0 
0 
0 
0 
0 
0 
0 
0 
0 
1 4925
0 
0 
0 
0 
0 
0 
0 
0 
0 
1 1412
0 
1 5269
1 1686
0 
0 
0 
0 
1 3256
0 
0 
1 1304
0 
0 
0 
3 463 3861 5399
1 5225
2 2926 4375
0 
0 
0 
0 
0 
0 
0 
0 
0 
0 
1 2496
0 
1 4963
0 
0 
0 
0 
0 
2 374 3902
0 
1 3779
0 
0 
0 
1 455
0 
1 5384
1 2009
1 1500
0 
0 
0 
0 
0 
0 
0 
0 
1 505
0 
1 3053
1 1550
0 
1 2560
0 
1 1942
0 
0 
0 
0 
2 4428 4553
2 4528 4638
0 
0 
1 4238
0 
0 
1 29
0 
0 
0 
0 
0 
0 
0 
0 
0 
1 5156
0 
1 1307
0 
1 1015
1 2447
0 
0 
0 
0 
0 
1 4685
0 
1 1804
0 
0 
0 
0 
0 
1 834
0 
0 
0 
0 
0 
0 
0 
0 
0 
1 1827
0 
1 2153
0 
0 
3 926 1696 3568
0 
0 
0 
0 
0 
0 
0 
0 
1 4004
1 910
0 
1 4928
1 2178
1 3390
0 
0 
0 
0 
1 5190
0 
0 
2 2934 5215
1 273
0 
0 
0 
0 
0 
0 
0 
0 
0 
0 
2 1413 3855
2 3002 3058
0 
4 224 3005 3646 4177
0 
0 
1 4919
0 
0 
0 
0 
1 2899
2 3516 3837
0 
0 
0 
0 
0 
0 
1 2054
0 
0 
0 
0 
1 3509
0 
1 2076
0 
0 
0 
0 
2 807 4683
0 
0 
0 
0 
1 261
0 
0 
0 
0 
1 3150
0 
0 
0 
1 4218
1 1182
0 
0 
1 3988
0 
0 
0 
0 
0 
0 
1 4323
0 
0 
0 
0 
0 
0 
0 
0 
0 
1 1077
0 
0 
2 159 2848
0 
0 
1 1398
0 
0 
0 
0 
1 1330
0 
0 
0 
0 
1 589
0 
0 
0 
0 
1 2617
0 
1 4743
0 
1 1928
0 
0 
1 2228
0 
1 4466
0 
0 
0 
0 
0 
0 
1 722
0 
0 
0 
2 154 1242
1 5135
1 4789
0 
0 
0 
0 
1 972
0 
0 
1 1560
1 244
0 
0 
0 
0 
0 
1 5454
0 
0 
2 1059 2827
0 
0 
0 
0 
1 1343
1 2439
1 1629
0 
0 
0 
0 
1 1748
0 
1 3392
1 2761
0 
2 2395 3419
0 
0 
0 
0 
0 
0 
1 1183
2 1714 2427
0 
0 
0 
0 
2 5212 5265
0 
2 116 3695
0 
0 
0 
0 
0 
1 4510
0 
0 
0 
0 
0 
0 
0 
0 
0 
0 
0 
0 
1 3629
0 
0 
0 
0 
0 
0 
0 
0 
0 
1 1932
0 
0 
0 
0 
0 
0 
0 
0 
2 691 1279
0 
0 
0 
0 
1 965
0 
0 
0 
0 
0 
0 
0 
0 
0 
0 
1 51
2 809 3654
0 
1 2881
2 592 2275
0 
0 
0 
0 
0 
1 4530
0 
1 551
0 
0 
0 
0 
1 2406
0 
0 
0 
0 
0 
0 
0 
1 2817
0 
0 
0 
1 3091
1 3976
0 
1 2791
0 
0 
0 
0 
1 4108
0 
0 
0 
0 
0 
0 
0 
0 
0 
0 
0 
0 
0 
0 
0 
0 
0 
0 
0 
0 
0 
0 
1 4115
0 
0 
0 
0 
0 
0 
0 
0 
0 
0 
0 
0 
1 4084
0 
0 
0 
0 
0 
0 
0 
0 
0 
0 
0 
0 
1 4328
0 
0 
0 
1 2043
0 
0 
0 
0 
0 
0 
0 
0 
0 
0 
0 
0 
0 
0 
1 1542
0 
0 
0 
0 
0 
0 
0 
0 
0 
1 1389
0 
0 
0 
0 
0 
0 
0 
0 
0 
1 901
0 
0 
1 597
0 
0 
1 672
0 
0 
0 
0 
0 
2 800 3449
1 3052
1 660
0 
0 
0 
0 
1 5067
0 
1 3074
1 2215
0 
0 
0 
0 
1 399
0 
1 4971
0 
0 
1 5093
0 
0 
0 
1 2975
0 
0 
0 
2 1340 4584
0 
0 
0 
0 
0 
1 4664
0 
0 
2 4173 4217
0 
0 
0 
2 202 3123
0 
0 
0 
1 1591
0 
0 
0 
2 320 5349
0 
0 
0 
0 
1 1948
0 
1 650
1 2820
1 1798
0 
0 
0 
0 
0 
0 
0 
0 
0 
0 
1 936
2 732 827
0 
0 
0 
0 
0 
0 
1 2205
0 
1 348
0 
1 1433
0 
0 
0 
0 
0 
1 1810
0 
1 2948
0 
0 
0 
1 441
0 
0 
1 5248
1 5431
0 
0 
0 
1 1992
0 
0 
0 
0 
1 4412
0 
0 
0 
0 
0 
1 3756
0 
0 
1 793
0 
0 
1 3777
0 
0 
0 
0 
1 2676
1 3344
0 
0 
0 
0 
0 
0 
0 
0 
1 3648
0 
0 
1 4805
0 
0 
0 
1 4036
0 
0 
0 
0 
0 
0 
0 
0 
0 
0 
0 
1 1619
0 
0 
1 4065
0 
0 
0 
0 
0 
0 
0 
0 
1 1463
0 
1 3284
0 
1 3849
1 146
1 856
0 
0 
0 
0 
1 2855
0 
0 
0 
1 4824
1 1027
1 3285
0 
1 326
0 
0 
1 4992
0 
0 
0 
0 
0 
0 
2 3197 5022
0 
0 
0 
0 
2 2259 4904
0 
3 1152 1531 3328
1 1553
0 
0 
0 
0 
1 3943
0 
0 
1 2335
0 
1 4916
0 
0 
0 
0 
0 
0 
0 
1 5315
0 
0 
0 
0 
0 
0 
1 2738
0 
0 
0 
0 
0 
0 
0 
0 
0 
0 
0 
2 3374 4607
1 4249
0 
0 
0 
0 
0 
1 2058
0 
0 
0 
0 
0 
0 
0 
0 
0 
2 271 1692
0 
1 265
1 1627
1 3133
0 
0 
1 1180
0 
1 4063
0 
0 
0 
0 
0 
0 
1 5073
0 
0 
0 
0 
0 
0 
1 1424
0 
0 
0 
0 
1 1138
0 
0 
0 
0 
1 2012
0 
0 
0 
0 
1 5295
0 
0 
1 2253
0 
0 
0 
0 
0 
0 
0 
1 3748
1 3013
0 
0 
0 
0 
0 
0 
0 
0 
1 4977
0 
0 
0 
0 
0 
1 4398
0 
0 
0 
0 
0 
0 
0 
0 
0 
1 1524
1 1475
0 
0 
0 
0 
1 2015
0 
0 
0 
0 
0 
0 
0 
1 582
0 
0 
0 
0 
0 
0 
1 1125
1 2981
2 1346 4500
0 
0 
0 
0 
0 
2 4086 4934
0 
0 
0 
0 
0 
1 953
0 
0 
0 
0 
0 
0 
0 
0 
0 
0 
3 143 1778 3633
0 
0 
0 
0 
1 2650
1 421
0 
0 
0 
0 
0 
1 2431
0 
0 
1 581
0 
0 
1 4987
0 
0 
2 1280 2903
0 
2 2246 2609
0 
1 185
0 
0 
0 
0 
0 
1 3151
1 1351
0 
0 
1 3371
0 
0 
0 
0 
0 
0 
1 1220
0 
0 
1 169
0 
0 
0 
1 3825
0 
0 
1 4301
0 
0 
0 
0 
1 2886
1 999
0 
0 
0 
0 
1 2584
0 
1 85
0 
0 
1 3403
0 
2 257 3317
0 
0 
1 1609
1 4442
0 
0 
1 1582
1 2935
0 
1 502
0 
0 
0 
0 
1 5020
0 
0 
0 
0 
1 3463
0 
0 
0 
0 
0 
0 
0 
0 
2 335 2419
1 556
0 
1 769
0 
1 1642
1 2309
0 
0 
0 
1 897
0 
0 
0 
3 2027 2150 3974
0 
0 
0 
1 1023
0 
1 2767
0 
1 103
0 
0 
0 
3 2379 2604 3585
1 2487
0 
0 
0 
0 
0 
0 
1 1466
1 4118
0 
1 2437
0 
1 2538
1 4421
0 
0 
0 
0 
0 
0 
0 
0 
0 
0 
0 
1 3270
0 
1 4684
0 
2 3189 4279
0 
1 306
1 3628
0 
0 
1 5054
0 
0 
0 
0 
0 
0 
0 
0 
0 
1 3389
0 
0 
0 
0 
0 
2 1525 4350
0 
0 
0 
0 
0 
0 
0 
0 
0 
0 
2 2591 5242
0 
0 
1 3245
0 
0 
0 
0 
0 
0 
0 
0 
1 4295
1 3739
0 
0 
1 4695
0 
0 
0 
0 
0 
0 
1 3899
0 
0 
0 
0 
0 
1 2380
0 
0 
0 
0 
0 
0 
0 
0 
0 
0 
0 
0 
0 
0 
0 
0 
1 3794
0 
0 
0 
0 
1 4470
0 
0 
0 
1 4794
0 
0 
0 
0 
0 
0 
0 
0 
0 
0 
0 
2 750 2950
0 
0 
0 
1 1718
0 
0 
1 4140
0 
0 
0 
0 
0 
0 
0 
0 
0 
0 
0 
0 
0 
0 
0 
0 
2 3999 4701
0 
1 5175
0 
0 
1 1944
0 
0 
0 
0 
0 
0 
1 1460
0 
0 
0 
0 
2 402 1854
0 
0 
0 
0 
0 
0 
0 
0 
0 
2 255 2374
0 
0 
0 
1 4262
0 
0 
0 
0 
1 2711
0 
0 
0 
0 
0 
0 
0 
0 
0 
0 
0 
0 
0 
1 2032
1 557
1 2782
0 
1 3944
0 
0 
0 
0 
3 32 3301 4717
2 1641 1955
0 
1 2699
0 
0 
0 
1 5470
0 
0 
0 
2 3248 3372
0 
0 
1 2143
0 
0 
0 
0 
0 
1 5109
0 
0 
1 1796
0 
0 
0 
0 
1 256
0 
0 
0 
1 4008
1 3291
0 
0 
0 
1 5083
0 
0 
1 2552
1 1908
0 
1 1375
0 
0 
0 
0 
1 4973
0 
1 1456
0 
0 
0 
0 
0 
0 
0 
0 
1 1056
0 
0 
0 
1 5376
0 
0 
1 1190
0 
0 
0 
1 4395
0 
0 
1 1486
1 2457
0 
0 
0 
0 
0 
0 
2 2796 4200
0 
0 
1 3600
0 
0 
1 3366
0 
0 
0 
0 
0 
0 
0 
0 
1 1806
0 
0 
0 
0 
0 
0 
1 4095
1 5233
0 
0 
0 
0 
1 5260
0 
0 
0 
0 
0 
0 
1 4541
0 
0 
0 
0 
0 
0 
0 
0 
0 
1 5532
0 
0 
1 3531
1 2693
0 
0 
0 
0 
0 
0 
0 
3 1422 1454 4891
0 
5 558 2304 2760 2806 3546
0 
0 
0 
0 
1 4013
0 
0 
0 
1 3775
1 1064
0 
0 
0 
0 
1 682
0 
0 
0 
0 
0 
0 
0 
0 
0 
0 
0 
0 
0 
0 
0 
0 
0 
0 
0 
0 
0 
0 
0 
2 3401 3522
0 
0 
1 2297
0 
2 641 1005
0 
0 
1 1545
0 
0 
1 4702
0 
1 3201
0 
0 
0 
0 
0 
0 
1 1795
0 
2 19 3090
0 
0 
0 
1 1926
0 
0 
0 
1 906
0 
1 3264
0 
0 
0 
0 
0 
0 
1 3281
0 
1 1099
1 3763
0 
0 
0 
0 
1 2943
0 
0 
0 
0 
1 1823
0 
0 
0 
2 2879 4610
0 
2 458 1211
0 
0 
0 
0 
1 817
0 
1 446
0 
1 1814
0 
0 
0 
0 
2 1867 2404
0 
0 
1 3186
0 
0 
0 
0 
0 
0 
0 
0 
0 
0 
0 
0 
0 
1 5429
0 
0 
0 
0 
0 
0 
0 
0 
1 839
0 
0 
1 3897
0 
0 
1 2621
0 
1 671
2 392 3007
0 
1 1832
1 710
0 
0 
0 
0 
0 
0 
0 
0 
0 
0 
0 
0 
0 
1 4159
1 74
0 
0 
2 1149 1812
1 5066
0 
0 
0 
1 4798
0 
0 
0 
1 2914
0 
0 
1 1874
1 4119
0 
0 
0 
1 2814
0 
0 
0 
0 
0 
0 
0 
0 
0 
1 4841
0 
1 3983
0 
0 
0 
1 123
1 4874
1 3066
1 3599
1 2874
0 
0 
1 4105
0 
1 3014
0 
1 3747
0 
1 4944
0 
0 
2 2011 5525
0 
0 
0 
0 
0 
0 
1 5350
0 
0 
0 
0 
0 
1 4391
0 
0 
1 5108
0 
0 
0 
0 
1 3996
0 
0 
0 
1 5214
0 
0 
0 
0 
1 4416
1 1414
0 
0 
0 
0 
0 
0 
0 
1 35
1 2522
1 1046
0 
0 
0 
0 
1 4985
0 
0 
1 792
1 3554
0 
0 
1 250
1 785
0 
1 2635
0 
0 
0 
0 
0 
0 
0 
0 
0 
0 
0 
0 
0 
1 4489
0 
0 
1 5016
0 
0 
0 
0 
0 
0 
0 
0 
0 
1 3329
0 
0 
0 
0 
1 976
0 
0 
2 2744 4850
1 3898
0 
0 
0 
0 
0 
0 
0 
0 
0 
0 
0 
1 4785
1 4166
1 43
2 2315 3353
1 2597
0 
0 
0 
1 1775
0 
0 
0 
0 
1 541
0 
0 
0 
1 30
0 
0 
1 1014
0 
0 
1 880
0 
0 
0 
0 
0 
0 
1 1951
0 
0 
0 
0 
0 
1 5381
0 
0 
0 
0 
0 
0 
0 
0 
1 3379
0 
1 533
0 
0 
0 
0 
0 
0 
0 
0 
0 
0 
0 
0 
0 
0 
1 5416
1 4164
0 
0 
0 
0 
0 
0 
0 
0 
1 1984
1 360
0 
0 
0 
0 
0 
1 2946
0 
0 
0 
0 
2 521 5116
0 
0 
0 
1 2575
0 
0 
0 
0 
0 
0 
0 
0 
0 
0 
0 
0 
0 
2 2652 5537
0 
0 
0 
0 
0 
1 3625
0 
0 
0 
1 398
0 
0 
0 
0 
0 
0 
0 
0 
0 
0 
0 
0 
0 
0 
0 
0 
1 3406
0 
0 
0 
0 
0 
0 
0 
0 
0 
0 
0 
0 
1 1393
1 4298
0 
0 
2 36 1844
0 
0 
0 
0 
0 
0 
0 
0 
0 
1 4677
1 1386
0 
0 
0 
1 1272
0 
1 3720
0 
0 
0 
0 
0 
0 
1 1318
0 
1 1079
0 
0 
0 
0 
1 4382
0 
0 
0 
0 
0 
0 
0 
0 
1 2578
0 
1 238
1 1859
1 469
0 
0 
0 
0 
0 
0 
1 4634
0 
0 
0 
0 
0 
0 
0 
0 
0 
0 
0 
0 
1 4761
0 
0 
0 
0 
0 
0 
0 
0 
2 3099 4441
0 
0 
1 2398
0 
2 3437 4315
0 
1 3504
0 
0 
0 
1 2313
1 2982
0 
1 3513
1 3288
0 
0 
0 
0 
0 
2 698 4474
0 
0 
0 
0 
0 
0 
0 
0 
1 2588
0 
1 4150
0 
0 
0 
0 
0 
1 2586
0 
0 
0 
0 
0 
0 
0 
0 
0 
0 
1 5489
1 2459
0 
0 
0 
0 
0 
2 2333 4712
0 
0 
0 
0 
0 
0 
0 
0 
1 454
1 2468
0 
0 
0 
0 
0 
0 
0 
0 
0 
0 
0 
0 
0 
0 
0 
0 
0 
0 
1 2284
1 3879
0 
0 
0 
2 1051 2673
0 
0 
0 
0 
1 928
0 
0 
2 2548 2731
1 713
0 
0 
1 844
0 
0 
0 
0 
1 867
1 1700
1 104
0 
0 
1 152
0 
2 995 3973
1 4085
1 3300
5 1626 1888 1896 4255 5403
0 
0 
0 
0 
1 3103
0 
0 
0 
0 
0 
0 
0 
0 
0 
0 
0 
1 3969
0 
1 1848
0 
0 
0 
0 
0 
0 
1 3445
0 
0 
0 
0 
0 
2 1882 2107
0 
0 
1 4793
0 
0 
2 2289 3764
0 
0 
0 
1 1020
1 4708
0 
1 5443
0 
0 
0 
0 
0 
0 
0 
0 
0 
0 
1 1893
0 
0 
1 4878
0 
0 
0 
0 
1 44
0 
0 
0 
0 
0 
0 
0 
0 
0 
1 2086
1 4799
0 
0 
0 
1 1301
1 1347
0 
0 
0 
0 
0 
1 484
0 
0 
0 
0 
0 
1 4352
0 
0 
1 3981
0 
1 281
0 
0 
0 
0 
1 141
1 5314
1 2146
2 583 3218
2 4656 4886
0 
0 
1 1461
0 
0 
0 
0 
1 1428
0 
0 
0 
0 
0 
0 
0 
0 
1 3570
0 
0 
0 
0 
1 4055
0 
0 
0 
0 
0 
0 
1 826
0 
0 
0 
0 
0 
0 
0 
0 
1 4464
0 
0 
0 
2 1080 2877
1 1002
0 
1 2577
0 
1 6
0 
0 
0 
0 
0 
2 2087 3541
1 2176
0 
1 1197
1 3977
2 1202 4125
0 
0 
0 
0 
0 
0 
0 
0 
1 1756
0 
0 
0 
0 
0 
0 
0 
0 
1 1390
0 
1 3178
1 3474
1 2251
0 
0 
0 
0 
0 
0 
0 
0 
0 
0 
0 
0 
0 
1 5549
0 
0 
1 5181
0 
1 5273
0 
1 1851
0 
1 3120
0 
0 
0 
0 
0 
0 
0 
1 5166
0 
0 
0 
0 
0 
0 
0 
1 1065
0 
0 
5 386 465 2272 3738 5121
0 
0 
0 
0 
0 
0 
0 
1 4040
0 
0 
1 3384
0 
0 
0 
1 2520
0 
0 
0 
0 
1 5545
0 
1 3061
0 
2 129 5511
0 
0 
0 
0 
0 
0 
0 
0 
0 
0 
0 
0 
0 
0 
0 
0 
0 
1 3906
1 2100
1 4544
0 
0 
0 
1 5058
0 
0 
0 
0 
0 
0 
0 
0 
0 
0 
0 
1 3227
0 
0 
0 
0 
0 
0 
0 
1 5048
0 
0 
0 
1 3642
0 
0 
0 
0 
0 
0 
0 
0 
0 
0 
0 
0 
1 532
0 
0 
0 
0 
0 
0 
0 
0 
0 
0 
0 
0 
0 
0 
0 
0 
0 
0 
0 
0 
0 
0 
0 
0 
0 
0 
0 
0 
0 
0 
0 
0 
0 
1 1259
0 
0 
0 
0 
0 
0 
0 
0 
0 
1 2670
0 
1 1359
0 
0 
0 
0 
0 
0 
0 
0 
1 68
0 
0 
0 
0 
0 
0 
0 
0 
0 
0 
0 
0 
0 
0 
1 428
0 
0 
1 4796
1 4349
0 
0 
1 1021
0 
0 
0 
1 5514
0 
0 
0 
0 
0 
0 
0 
0 
0 
1 180
1 1160
0 
0 
0 
0 
1 284
0 
0 
0 
1 1904
3 2053 2631 3698
0 
0 
2 2001 2516
0 
0 
0 
0 
0 
1 2292
0 
0 
0 
0 
0 
0 
1 3394
0 
0 
1 493
0 
0 
0 
0 
0 
0 
0 
0 
0 
1 2787
0 
0 
1 3635
0 
0 
0 
0 
0 
0 
0 
1 418
0 
1 709
0 
0 
0 
0 
0 
1 4943
1 5432
0 
0 
3 1084 2725 3295
0 
0 
0 
1 206
0 
0 
0 
1 2393
0 
0 
0 
0 
0 
0 
1 3067
2 1088 4895
1 1117
0 
1 1576
0 
2 435 658
0 
0 
0 
0 
0 
1 1952
0 
0 
0 
0 
0 
1 2649
0 
0 
0 
0 
0 
1 1971
0 
0 
0 
0 
0 
1 3964
1 4975
0 
1 3238
0 
0 
0 
0 
0 
0 
0 
0 
0 
1 3115
0 
0 
0 
0 
0 
1 4297
0 
0 
1 1697
0 
0 
0 
0 
0 
2 2537 4849
0 
1 878
0 
0 
1 2706
0 
0 
0 
0 
1 5476
1 2828
0 
1 2306
1 3773
0 
0 
1 1243
0 
0 
0 
0 
0 
1 831
2 3938 4534
0 
0 
1 1742
0 
0 
0 
0 
1 2842
0 
0 
1 2159
0 
0 
1 2978
0 
1 5296
0 
1 5425
0 
0 
0 
0 
0 
0 
0 
0 
0 
0 
1 3955
0 
0 
0 
0 
0 
1 500
0 
2 385 841
1 4801
0 
0 
0 
1 4190
0 
1 1248
0 
0 
0 
0 
0 
0 
0 
2 1186 5499
0 
3 472 2788 4898
1 5512
0 
1 2531
2 929 4161
0 
1 950
0 
0 
1 3634
1 4911
0 
1 3430
1 5146
1 3929
0 
0 
0 
1 1520
0 
0 
0 
0 
1 42
1 2908
0 
0 
0 
0 
0 
0 
0 
0 
0 
0 
1 5107
0 
0 
0 
0 
2 1003 3318
0 
0 
0 
0 
0 
0 
0 
0 
1 5227
0 
1 3003
0 
1 3174
0 
0 
1 4155
0 
0 
0 
0 
0 
0 
0 
0 
1 2083
0 
0 
0 
0 
0 
0 
0 
0 
0 
1 4890
0 
0 
0 
0 
0 
0 
0 
0 
0 
0 
0 
0 
0 
0 
1 1106
0 
0 
0 
1 4124
0 
0 
0 
1 1921
0 
1 1383
0 
0 
0 
0 
0 
0 
0 
0 
0 
1 915
0 
0 
0 
0 
0 
0 
0 
0 
1 53
0 
0 
0 
0 
0 
0 
0 
1 3349
0 
0 
0 
1 2189
0 
0 
0 
0 
0 
0 
0 
0 
0 
0 
0 
0 
0 
1 3810
0 
0 
0 
2 786 3438
0 
0 
2 1998 4007
0 
0 
0 
1 5011
1 3877
0 
0 
1 2428
1 4047
0 
0 
0 
0 
0 
0 
0 
1 3251
0 
1 1024
0 
0 
0 
0 
0 
0 
0 
0 
0 
0 
0 
0 
0 
0 
0 
0 
0 
0 
0 
0 
0 
0 
1 4266
0 
1 509
0 
0 
1 344
0 
0 
0 
0 
3 147 1724 5458
0 
0 
0 
0 
0 
0 
0 
0 
1 4444
0 
0 
0 
0 
0 
0 
1 5547
1 719
0 
0 
0 
0 
0 
0 
0 
1 2795
0 
0 
0 
0 
0 
0 
0 
1 2023
0 
0 
1 4355
2 1548 2245
0 
0 
0 
0 
1 4644
0 
0 
1 1901
0 
0 
0 
0 
0 
0 
0 
0 
0 
0 
0 
0 
0 
0 
0 
1 2685
0 
0 
0 
0 
0 
1 2746
0 
0 
0 
0 
0 
1 3499
0 
1 5267
0 
0 
1 5132
0 
0 
0 
2 3841 4399
0 
0 
0 
0 
1 5204
1 1522
2 3480 5184
0 
0 
1 3493
0 
1 5327
0 
0 
0 
0 
0 
1 634
0 
0 
0 
0 
0 
0 
0 
0 
0 
0 
0 
0 
0 
0 
0 
0 
0 
1 2181
1 1008
0 
0 
0 
0 
0 
1 3795
0 
0 
0 
0 
0 
0 
0 
0 
0 
0 
0 
0 
0 
0 
0 
1 2312
0 
0 
1 1194
0 
2 2510 3778
0 
0 
0 
0 
0 
0 
0 
0 
0 
0 
1 5333
0 
0 
3 1659 4401 4486
0 
1 1689
0 
0 
0 
0 
0 
0 
0 
0 
0 
1 3582
1 1083
0 
0 
0 
0 
0 
0 
0 
1 4909
0 
0 
0 
0 
0 
2 218 3637
0 
1 3040
0 
0 
0 
0 
0 
0 
1 5494
0 
0 
0 
0 
0 
0 
0 
0 
1 5210
0 
0 
0 
0 
1 4487
1 5365
0 
0 
0 
0 
0 
0 
0 
1 2528
0 
0 
0 
0 
1 24
0 
0 
0 
0 
0 
0 
0 
0 
0 
0 
1 3549
0 
0 
1 4734
2 4116 5311
0 
0 
1 5029
0 
0 
1 2822
0 
0 
0 
1 329
0 
1 4627
1 1890
0 
0 
0 
0 
0 
0 
0 
0 
0 
0 
1 1607
2 1158 3774
1 586
0 
0 
0 
0 
0 
0 
0 
0 
0 
0 
0 
0 
0 
0 
1 3029
1 1028
0 
0 
0 
0 
0 
0 
0 
0 
0 
1 2509
0 
0 
0 
1 937
0 
0 
0 
0 
0 
1 4088
0 
0 
0 
0 
0 
0 
0 
0 
0 
0 
0 
0 
1 2679
2 248 1826
0 
0 
0 
1 4502
1 1358
0 
2 2853 5094
0 
0 
0 
0 
0 
0 
0 
0 
0 
1 3892
0 
0 
0 
0 
0 
0 
1 4526
1 677
0 
2 1710 2112
0 
0 
1 1922
0 
0 
1 2937
0 
0 
0 
0 
1 5322
0 
0 
1 2493
0 
0 
0 
0 
2 2955 5283
0 
0 
0 
0 
0 
0 
1 1492
0 
0 
0 
0 
0 
0 
0 
0 
0 
0 
0 
0 
0 
0 
0 
0 
0 
0 
0 
0 
1 5010
2 1255 3454
0 
0 
0 
0 
0 
1 1240
0 
0 
0 
2 3765 4138
1 3346
1 5528
0 
0 
0 
0 
1 1489
3 2060 4393 5236
0 
0 
0 
0 
1 727
0 
0 
0 
2 254 4460
0 
0 
1 3265
0 
2 796 1379
0 
0 
1 4162
1 2429
0 
0 
0 
0 
0 
0 
0 
0 
2 77 4774
0 
1 5343
0 
0 
0 
0 
0 
0 
0 
1 891
0 
1 5451
0 
0 
0 
0 
0 
0 
0 
2 5205 5230
0 
2 3355 5398
1 5122
0 
1 5102
0 
0 
0 
0 
0 
0 
1 3153
3 72 1169 5356
0 
0 
1 1360
0 
0 
0 
0 
0 
0 
0 
0 
0 
0 
0 
0 
0 
0 
0 
1 4556
0 
1 4494
0 
0 
1 5524
0 
1 2559
1 1488
0 
0 
0 
0 
1 4749
0 
0 
0 
0 
0 
0 
0 
0 
0 
1 4828
0 
0 
0 
0 
0 
1 5385
3 787 1188 4498
0 
1 2758
0 
1 3690
0 
0 
1 2299
1 2041
0 
1 5050
0 
1 5474
0 
2 1940 4983
0 
0 
1 802
0 
0 
0 
0 
1 2441
0 
0 
1 2839
0 
0 
1 3399
3 57 166 3360
0 
1 2856
0 
0 
0 
0 
1 1999
0 
0 
0 
0 
1 1739
0 
0 
0 
0 
0 
0 
1 3441
0 
0 
1 916
0 
1 3164
0 
0 
0 
0 
0 
1 2138
0 
1 4503
0 
0 
0 
0 
1 5004
0 
0 
0 
1 1919
0 
0 
0 
0 
1 4189
0 
0 
0 
0 
0 
1 34
0 
0 
2 130 243
0 
0 
2 1838 2677
0 
0 
0 
0 
0 
0 
0 
0 
1 3566
1 1429
1 3018
0 
0 
0 
0 
0 
0 
0 
0 
0 
0 
2 1335 4451
0 
0 
0 
1 498
0 
0 
0 
1 5408
0 
0 
0 
0 
0 
0 
0 
0 
0 
0 
0 
0 
0 
0 
6 627 1122 1270 2938 4686 4926
0 
0 
1 3927
1 4341
1 987
0 
0 
0 
0 
0 
0 
0 
0 
0 
0 
0 
0 
0 
1 3709
0 
0 
0 
0 
0 
0 
0 
0 
0 
0 
1 1136
2 345 3020
0 
1 3222
0 
2 4687 4988
0 
0 
0 
0 
1 5153
0 
0 
0 
0 
0 
1 5519
1 4814
0 
1 794
0 
0 
0 
0 
0 
0 
0 
0 
0 
0 
0 
1 3196
0 
2 305 3651
0 
0 
1 5490
0 
0 
0 
0 
0 
1 1239
0 
1 4506
0 
0 
1 2117
0 
1 1044
1 4427
0 
0 
0 
0 
0 
0 
0 
0 
1 2590
0 
0 
0 
1 4682
0 
1 4888
1 2264
1 3106
0 
0 
2 2954 4984
1 5452
1 4128
0 
1 2093
0 
0 
0 
1 3618
0 
2 14 2998
0 
0 
0 
0 
0 
1 2774
0 
0 
1 1484
0 
0 
1 3577
0 
0 
0 
0 
0 
0 
0 
1 4206
0 
0 
1 1442
1 1584
0 
1 5195
0 
1 3444
0 
0 
0 
0 
0 
2 4141 4660
0 
1 3813
0 
0 
1 4246
0 
0 
0 
0 
0 
1 3327
0 
0 
0 
0 
1 5101
0 
1 2115
2 2900 5323
0 
0 
0 
0 
0 
0 
0 
0 
2 2067 3671
1 2180
0 
0 
0 
0 
0 
0 
1 1578
0 
1 4390
1 1162
0 
0 
0 
0 
0 
1 2357
0 
0 
0 
0 
0 
0 
0 
1 5179
0 
0 
0 
1 4854
2 3664 4767
1 560
1 1263
0 
0 
0 
0 
0 
0 
0 
0 
0 
0 
0 
0 
0 
0 
0 
0 
0 
0 
0 
0 
0 
0 
0 
0 
1 1855
0 
0 
0 
0 
2 3243 3942
0 
2 453 4473
0 
0 
0 
0 
0 
1 3228
0 
0 
0 
0 
0 
0 
0 
0 
0 
0 
0 
0 
2 3676 5119
0 
1 3733
1 2293
1 78
0 
1 1337
1 3412
0 
0 
0 
1 5052
1 3817
0 
2 5035 5442
0 
2 314 1546
1 571
0 
0 
0 
0 
0 
1 1441
0 
0 
1 4848
0 
0 
0 
0 
1 1877
0 
0 
0 
0 
1 4058
2 4896 5359
0 
0 
1 3185
0 
1 4974
0 
0 
0 
0 
0 
0 
1 932
0 
0 
0 
0 
0 
1 2132
0 
2 393 4731
0 
1 1518
0 
1 2728
0 
0 
1 1966
0 
0 
0 
0 
0 
0 
0 
0 
0 
0 
0 
0 
0 
0 
0 
0 
0 
0 
0 
1 5077
0 
0 
0 
3 2904 3378 5136
2 1425 2581
0 
0 
0 
0 
0 
0 
0 
0 
0 
0 
0 
1 4229
1 969
0 
0 
0 
1 2212
2 890 3610
0 
0 
0 
0 
0 
0 
0 
0 
0 
0 
0 
0 
0 
0 
0 
0 
0 
0 
0 
0 
0 
0 
0 
0 
0 
0 
1 1444
0 
0 
0 
0 
0 
0 
0 
0 
0 
0 
0 
0 
0 
0 
0 
0 
1 3975
0 
0 
0 
0 
1 1684
0 
0 
0 
2 1974 4260
0 
0 
0 
0 
0 
0 
0 
0 
0 
1 2269
0 
1 4820
2 2029 4621
1 2974
0 
1 1590
0 
0 
0 
0 
0 
1 65
1 2519
0 
1 2352
0 
0 
0 
0 
0 
0 
0 
0 
0 
0 
0 
0 
1 1068
0 
0 
0 
1 633
1 3271
0 
1 4966
0 
0 
0 
0 
0 
1 702
0 
0 
0 
0 
0 
1 4274
0 
0 
0 
0 
0 
0 
0 
0 
2 2257 3304
0 
0 
1 3621
0 
0 
0 
2 2118 2126
0 
0 
0 
1 840
1 5123
0 
0 
1 1608
0 
0 
0 
0 
0 
0 
1 3721
0 
0 
0 
0 
0 
0 
0 
0 
0 
0 
0 
0 
0 
0 
0 
0 
0 
0 
0 
0 
0 
0 
0 
2 481 3170
0 
1 5352
0 
0 
2 2277 4168
0 
0 
2 539 2415
0 
0 
0 
1 2598
0 
0 
1 4361
0 
0 
0 
0 
0 
0 
1 3297
0 
0 
2 3888 5015
0 
1 2705
0 
0 
1 4970
0 
0 
0 
0 
0 
1 1676
1 752
2 757 3755
0 
0 
0 
0 
0 
0 
0 
0 
0 
0 
0 
0 
0 
0 
0 
1 4068
1 945
0 
0 
0 
0 
0 
0 
0 
0 
0 
0 
1 2399
0 
0 
1 5288
0 
0 
0 
0 
0 
0 
0 
0 
0 
0 
1 4097
0 
1 3331
0 
0 
0 
0 
0 
1 1153
0 
0 
0 
1 2274
0 
0 
0 
3 3705 3984 5467
1 4738
0 
0 
0 
0 
0 
0 
0 
0 
0 
0 
0 
0 
0 
0 
1 1716
1 4927
0 
0 
0 
0 
0 
1 1465
3 3199 4171 4596
0 
1 1308
0 
1 1752
0 
0 
0 
0 
0 
1 480
1 5353
0 
0 
1 2346
1 1841
1 5090
1 1652
0 
0 
0 
1 3752
0 
0 
0 
0 
0 
0 
0 
2 156 3334
0 
0 
1 474
1 984
0 
1 646
0 
0 
0 
0 
0 
0 
0 
0 
1 1580
0 
0 
0 
1 3100
0 
0 
0 
0 
0 
1 4439
0 
0 
0 
0 
0 
0 
2 1092 4834
0 
0 
0 
0 
0 
0 
1 3108
0 
0 
0 
0 
0 
0 
0 
0 
1 4270
0 
0 
0 
1 2863
0 
2 1376 3213
1 1570
0 
0 
0 
0 
0 
1 62
0 
0 
1 3598
0 
0 
1 1033
0 
0 
0 
0 
0 
1 2636
1 2947
0 
0 
0 
0 
2 1034 1247
0 
0 
1 1885
0 
0 
1 3912
2 1098 3092
0 
0 
0 
0 
0 
1 5390
1 5030
0 
0 
0 
0 
0 
0 
0 
0 
0 
0 
1 2564
0 
0 
0 
0 
0 
1 2187
1 5294
0 
0 
0 
1 610
1 5197
3 1037 3198 3936
0 
0 
1 3719
0 
1 1288
0 
0 
0 
0 
1 2340
0 
0 
1 1794
0 
0 
0 
1 4516
0 
0 
0 
1 4995
1 4937
0 
0 
0 
0 
0 
0 
0 
0 
0 
0 
0 
1 2893
0 
0 
0 
1 3614
0 
0 
0 
0 
0 
0 
0 
2 3649 5023
0 
0 
0 
1 645
0 
0 
0 
0 
0 
0 
0 
0 
1 5245
0 
0 
1 4075
0 
0 
0 
0 
1 1128
0 
0 
0 
0 
0 
0 
0 
0 
0 
0 
1 3595
2 327 1847
0 
0 
0 
0 
0 
0 
1 3338
0 
2 3502 5481
0 
0 
0 
0 
0 
0 
1 3766
0 
0 
0 
0 
0 
0 
0 
0 
0 
0 
0 
0 
1 2612
0 
0 
0 
0 
1 3650
0 
1 2659
0 
0 
1 3131
0 
0 
0 
0 
0 
0 
1 1770
0 
0 
2 1915 5218
0 
0 
1 2919
0 
0 
0 
1 2895
0 
0 
0 
1 3138
0 
1 192
0 
0 
0 
0 
0 
2 3347 3431
0 
0 
0 
3 3580 3940 4872
0 
0 
1 1336
0 
2 734 4403
1 5193
0 
0 
0 
0 
0 
1 4759
0 
0 
1 2671
0 
0 
1 4144
3 38 1989 4932
0 
0 
0 
0 
0 
0 
0 
0 
0 
1 5057
0 
0 
0 
0 
1 2296
0 
0 
1 865
0 
0 
0 
1 370
1 3652
0 
0 
0 
4 1058 2952 4902 4980
0 
0 
0 
1 1876
0 
0 
1 225
0 
0 
1 5495
0 
1 2109
0 
0 
2 1165 2039
0 
0 
0 
0 
0 
0 
0 
2 2436 2896
1 4062
1 1030
1 7
0 
1 4681
0 
0 
0 
0 
0 
1 2031
0 
0 
1 1394
0 
0 
0 
0 
1 4577
1 3945
0 
0 
1 738
0 
1 3657
0 
0 
0 
0 
0 
1 3727
0 
1 1566
0 
1 289
0 
0 
1 1349
0 
0 
0 
1 2300
0 
0 
0 
2 2025 3230
0 
2 1551 1632
0 
1 302
2 2214 3388
0 
2 2188 4111
2 3358 3510
4 862 1574 2551 2605
2 704 5239
0 
1 3425
1 2194
0 
0 
0 
0 
2 1017 4318
2 1547 3995
0 
1 771
1 342
0 
0 
1 4589
2 784 3680
0 
0 
0 
0 
2 3665 5118
1 3261
1 1124
2 1601 4169
0 
0 
0 
0 
2 2709 2849
0 
0 
0 
2 712 4961
1 5025
0 
0 
0 
0 
1 5254
1 1464
1 1991
0 
1 871
0 
1 2285
0 
1 3661
0 
0 
0 
0 
0 
2 1891 3829
1 200
1 4690
1 488
0 
2 3461 3464
0 
2 1313 2443
0 
0 
1 4384
1 4248
0 
0 
1 3584
0 
0 
1 1257
0 
2 2144 4651
1 4900
3 576 1476 1658
2 1213 2681
0 
1 2802
1 2092
0 
0 
0 
0 
1 5208
0 
0 
0 
0 
0 
0 
0 
0 
0 
0 
0 
0 
1 2070
0 
0 
0 
0 
0 
0 
0 
0 
1 4182
0 
1 2821
1 2867
1 3365
0 
0 
0 
0 
1 1107
1 654
1 4742
1 2175
0 
3 1448 2630 5504
1 2499
0 
0 
1 3868
0 
1 4571
0 
0 
4 1203 2345 3249 3874
1 3006
0 
0 
0 
1 4822
2 2283 4758
0 
0 
0 
2 1402 3928
0 
1 1821
2 4106 5496
2 707 3893
0 
0 
0 
2 1100 4509
2 470 1025
1 4582
0 
0 
0 
0 
0 
0 
0 
0 
0 
0 
0 
1 5503
1 4409
0 
0 
0 
0 
0 
0 
0 
2 980 5111
0 
1 5202
1 2218
0 
0 
3 1372 1929 2770
0 
0 
0 
0 
1 552
0 
0 
0 
0 
0 
0 
0 
0 
0 
0 
0 
1 3315
0 
0 
0 
0 
0 
0 
0 
0 
0 
1 1923
0 
0 
0 
1 2488
0 
0 
0 
0 
0 
0 
0 
0 
0 
0 
0 
1 2576
0 
0 
0 
1 1050
1 5134
0 
0 
0 
0 
0 
0 
0 
0 
0 
1 914
0 
0 
0 
1 1900
0 
0 
0 
0 
0 
2 1093 2034
0 
0 
0 
0 
0 
0 
1 1081
0 
0 
1 199
0 
0 
0 
0 
0 
1 2452
0 
0 
1 2433
0 
0 
1 4148
0 
1 2720
2 395 1334
0 
0 
1 2268
0 
0 
0 
0 
1 2270
0 
0 
0 
0 
0 
0 
0 
0 
0 
0 
0 
0 
0 
1 4508
1 3768
1 4802
0 
0 
0 
0 
0 
1 2387
0 
0 
0 
2 3896 3954
1 3181
3 473 1199 4098
0 
0 
0 
0 
1 4572
0 
0 
0 
0 
0 
0 
0 
0 
1 4881
0 
0 
1 5226
0 
0 
0 
0 
0 
0 
0 
2 2171 4329
0 
0 
1 2873
0 
0 
0 
1 5299
1 3700
0 
0 
0 
0 
0 
1 3031
0 
0 
0 
0 
0 
0 
0 
0 
0 
0 
1 3524
2 2185 5164
0 
0 
1 4857
0 
0 
0 
0 
0 
0 
1 462
0 
0 
0 
0 
0 
0 
0 
0 
0 
0 
1 1986
1 626
2 1387 3290
0 
0 
0 
2 16 336
0 
0 
1 3586
0 
1 1430
0 
0 
0 
0 
0 
0 
0 
0 
1 1434
0 
0 
0 
1 2057
0 
0 
1 2324
0 
0 
1 1035
0 
0 
0 
0 
0 
0 
0 
0 
0 
0 
0 
0 
0 
1 4819
0 
0 
1 5276
0 
1 1735
0 
0 
0 
0 
0 
0 
0 
0 
0 
0 
0 
0 
0 
0 
0 
0 
0 
0 
0 
0 
0 
1 2308
0 
0 
1 60
0 
0 
0 
0 
0 
0 
0 
0 
0 
0 
0 
2 92 3801
0 
0 
0 
1 3761
0 
1 411
1 1491
0 
0 
0 
0 
0 
0 
0 
0 
1 1137
0 
0 
1 3038
1 5339
0 
0 
1 5419
0 
0 
0 
0 
0 
0 
1 352
0 
0 
0 
0 
0 
0 
0 
0 
0 
0 
1 1649
0 
0 
0 
0 
0 
0 
0 
0 
0 
1 5203
0 
1 3336
1 5198
0 
0 
0 
0 
0 
0 
0 
1 1680
0 
0 
0 
0 
0 
0 
2 3786 3950
0 
0 
0 
0 
0 
1 186
0 
0 
0 
0 
1 3526
0 
0 
0 
0 
0 
0 
0 
0 
0 
1 3904
0 
1 3386
0 
0 
0 
0 
0 
0 
0 
0 
0 
0 
1 3783
0 
0 
1 508
0 
0 
0 
0 
0 
0 
0 
0 
0 
0 
2 1287 3780
1 4583
0 
0 
0 
0 
0 
0 
0 
1 2906
1 5345
0 
0 
0 
0 
0 
0 
0 
0 
1 4672
0 
0 
0 
0 
0 
0 
0 
0 
0 
1 5039
0 
0 
0 
0 
0 
0 
1 2753
2 1595 3299
0 
0 
0 
0 
2 4207 4545
0 
0 
1 1139
0 
0 
0 
2 1381 2688
1 4903
0 
0 
0 
0 
1 2244
0 
1 5341
0 
0 
0 
0 
0 
0 
0 
1 3484
0 
0 
0 
1 3754
0 
0 
1 812
1 555
1 3771
0 
0 
0 
0 
0 
0 
0 
0 
0 
1 2835
1 3093
0 
0 
0 
1 4472
1 860
0 
0 
0 
0 
1 3673
0 
0 
0 
0 
0 
0 
0 
1 5308
0 
0 
0 
1 4602
0 
0 
0 
0 
0 
1 2298
0 
0 
0 
0 
0 
0 
0 
1 3083
0 
0 
0 
0 
0 
0 
0 
0 
0 
1 1978
0 
0 
0 
0 
0 
0 
0 
0 
0 
0 
0 
0 
0 
1 636
1 341
0 
0 
0 
0 
0 
0 
0 
0 
1 5396
1 2147
0 
0 
0 
2 31 526
0 
0 
0 
0 
1 468
0 
0 
0 
0 
0 
0 
3 1345 2888 5172
1 426
0 
0 
0 
1 274
0 
1 754
0 
0 
0 
0 
0 
0 
0 
0 
0 
0 
0 
0 
0 
0 
1 2965
1 1736
1 253
0 
0 
0 
1 2922
0 
0 
0 
0 
2 2625 3023
1 4286
0 
0 
0 
1 1972
0 
0 
1 4713
0 
0 
0 
0 
1 4525
0 
0 
0 
0 
1 1568
0 
0 
0 
0 
0 
0 
1 5262
1 153
0 
0 
0 
0 
1 4022
1 3632
0 
2 2019 5487
0 
0 
0 
1 1701
1 4654
0 
1 2142
0 
0 
0 
0 
0 
0 
0 
0 
0 
1 239
0 
0 
0 
0 
0 
0 
0 
0 
1 4080
0 
0 
0 
0 
0 
1 5142
0 
0 
0 
0 
1 1894
0 
0 
0 
0 
0 
0 
1 1306
0 
0 
0 
1 2075
0 
2 1361 2971
0 
1 4204
1 3159
0 
0 
0 
0 
0 
1 5086
0 
0 
0 
0 
0 
2 864 1294
0 
0 
0 
0 
0 
0 
0 
0 
0 
0 
0 
1 5051
0 
0 
0 
1 2432
0 
0 
0 
1 5357
2 1061 3818
0 
0 
0 
0 
0 
0 
0 
0 
0 
0 
0 
0 
0 
0 
1 4871
1 5084
1 4715
1 2503
0 
1 2020
1 3809
0 
1 3117
1 4628
1 4191
0 
0 
0 
1 2367
0 
0 
1 73
0 
0 
0 
0 
0 
1 2714
0 
0 
0 
1 1907
0 
0 
1 1499
0 
1 4780
0 
0 
0 
0 
0 
0 
0 
0 
1 2030
1 1371
0 
0 
0 
1 3383
0 
10 607 1469 1933 2341 3470 3555 3563 4275 4855 5228
2 3800 4863
0 
0 
0 
0 
0 
0 
0 
0 
0 
0 
0 
1 2474
1 3152
0 
3 968 2489 5530
0 
0 
0 
0 
1 1994
1 4833
0 
1 2108
0 
0 
0 
1 1144
1 1808
1 2535
0 
1 5417
0 
0 
0 
0 
1 1010
0 
0 
1 1953
0 
1 4247
0 
1 5024
0 
0 
1 3173
1 437
0 
0 
0 
0 
0 
0 
0 
0 
0 
0 
0 
0 
0 
1 578
0 
0 
0 
1 4081
0 
1 4955
0 
0 
0 
0 
0 
0 
0 
0 
0 
0 
0 
0 
0 
0 
0 
0 
0 
1 3348
0 
0 
0 
1 1655
0 
0 
1 1094
0 
0 
0 
0 
0 
0 
0 
0 
1 4448
0 
0 
0 
0 
0 
0 
1 2208
0 
0 
0 
0 
0 
2 1728 4294
0 
0 
0 
0 
0 
0 
0 
0 
0 
0 
0 
0 
0 
0 
1 4268
0 
1 1589
0 
0 
0 
0 
0 
0 
0 
0 
0 
0 
1 4203
0 
0 
1 1508
0 
0 
0 
0 
1 1269
0 
0 
0 
0 
0 
0 
0 
0 
0 
0 
0 
0 
0 
0 
0 
0 
0 
1 2662
0 
0 
0 
0 
1 3603
2 415 3951
0 
0 
0 
1 3495
0 
0 
2 338 4512
0 
0 
0 
0 
0 
0 
0 
0 
0 
0 
0 
0 
0 
0 
1 2064
1 1147
0 
0 
1 150
0 
0 
0 
0 
0 
0 
0 
0 
0 
1 5019
1 3684
0 
0 
0 
1 3208
1 5300
1 5070
0 
0 
0 
1 2125
0 
0 
0 
0 
0 
0 
0 
0 
0 
0 
1 4777
0 
0 
0 
0 
1 2403
0 
0 
0 
0 
0 
2 5069 5187
0 
0 
0 
0 
0 
0 
1 2983
0 
1 4830
0 
0 
0 
0 
0 
0 
0 
0 
0 
0 
0 
0 
0 
0 
0 
0 
2 383 2953
0 
0 
1 4290
0 
0 
0 
0 
0 
0 
0 
0 
0 
1 3175
1 4455
0 
1 4827
1 391
1 5249
0 
0 
0 
0 
0 
0 
0 
0 
0 
0 
0 
0 
0 
0 
1 2235
2 2037 4649
1 4721
0 
1 3282
1 381
1 2995
1 2930
0 
0 
0 
0 
0 
0 
0 
0 
0 
0 
0 
0 
2 2021 3679
0 
0 
1 4882
0 
0 
0 
0 
0 
1 4791
2 3881 5189
0 
0 
1 2388
0 
0 
0 
0 
0 
0 
0 
0 
0 
0 
0 
2 894 3136
0 
0 
0 
0 
2 2582 2682
0 
0 
0 
0 
0 
1 1305
0 
1 4137
0 
0 
0 
0 
0 
0 
0 
0 
0 
0 
0 
0 
0 
0 
0 
0 
0 
0 
0 
0 
0 
0 
0 
0 
1 4024
0 
1 4792
0 
1 1749
1 475
0 
0 
0 
0 
0 
0 
1 2369
0 
0 
0 
0 
0 
0 
0 
0 
0 
0 
0 
1 2440
0 
0 
0 
0 
0 
1 5297
0 
0 
0 
0 
0 
1 1009
0 
0 
0 
0 
0 
0 
1 3757
0 
0 
0 
0 
0 
0 
0 
0 
0 
0 
0 
0 
0 
0 
1 3398
0 
0 
0 
0 
0 
0 
0 
0 
0 
0 
0 
0 
0 
1 4548
1 4011
0 
1 1329
0 
0 
0 
0 
2 1204 4618
0 
1 2111
0 
0 
0 
0 
0 
0 
0 
0 
0 
0 
1 3220
1 3280
0 
0 
0 
0 
0 
0 
0 
0 
0 
2 1557 5009
0 
0 
0 
1 487
0 
0 
0 
0 
0 
0 
0 
0 
0 
1 203
0 
3 2651 3422 4949
1 4537
0 
0 
0 
0 
0 
0 
0 
0 
0 
1 2122
0 
0 
0 
0 
1 3364
0 
0 
0 
0 
0 
0 
0 
0 
0 
0 
0 
0 
0 
0 
0 
0 
0 
0 
0 
0 
1 572
0 
0 
0 
0 
0 
0 
0 
0 
0 
0 
0 
0 
0 
0 
0 
0 
0 
0 
0 
0 
0 
0 
0 
1 4520
0 
0 
0 
0 
1 5037
0 
0 
0 
0 
1 1135
0 
1 5126
0 
0 
0 
1 4143
0 
1 2359
0 
0 
0 
0 
0 
0 
0 
0 
0 
0 
0 
0 
0 
0 
0 
0 
0 
0 
0 
0 
0 
1 3908
0 
0 
0 
1 3994
0 
0 
0 
1 5447
2 1703 3592
0 
0 
1 1322
0 
0 
0 
0 
0 
0 
0 
0 
0 
0 
0 
0 
0 
0 
0 
0 
0 
0 
0 
1 26
0 
2 233 4223
0 
0 
0 
1 2730
1 4659
0 
0 
1 2229
0 
0 
0 
2 1407 4540
0 
0 
0 
0 
0 
0 
2 1620 2505
0 
0 
0 
0 
0 
0 
0 
0 
1 3816
0 
0 
0 
0 
0 
0 
0 
0 
0 
2 1996 3798
1 631
0 
0 
0 
0 
0 
0 
0 
0 
0 
0 
0 
0 
0 
0 
0 
0 
0 
0 
0 
0 
0 
1 3363
0 
0 
0 
2 272 4737
0 
0 
0 
0 
0 
0 
1 5272
0 
0 
1 4488
0 
0 
0 
0 
1 2173
0 
1 376
0 
0 
0 
1 2266
0 
0 
0 
0 
0 
0 
0 
0 
0 
1 1039
0 
0 
0 
0 
0 
0 
0 
0 
0 
1 2687
0 
0 
0 
2 1693 3515
0 
0 
1 1012
0 
0 
1 3088
0 
0 
1 4533
0 
0 
0 
0 
1 3968
0 
0 
0 
0 
0 
0 
0 
0 
0 
0 
0 
0 
0 
0 
0 
0 
2 187 2095
0 
0 
0 
0 
0 
0 
0 
2 2049 3266
1 403
0 
0 
1 5395
1 3025
0 
0 
0 
0 
1 5391
0 
1 2549
0 
0 
1 535
0 
1 1732
0 
0 
0 
0 
1 4188
0 
1 1141
0 
1 4719
0 
0 
0 
0 
0 
0 
0 
0 
1 3539
0 
1 4127
0 
0 
0 
0 
0 
0 
2 775 2151
0 
0 
0 
0 
0 
0 
0 
0 
0 
0 
0 
1 4769
0 
0 
0 
0 
1 617
0 
0 
1 3590
0 
0 
0 
0 
0 
0 
0 
0 
0 
0 
0 
1 692
0 
0 
0 
0 
0 
0 
0 
1 2491
0 
0 
0 
0 
0 
0 
1 2467
0 
0 
0 
0 
0 
0 
0 
0 
0 
0 
0 
0 
0 
0 
1 2456
0 
0 
0 
0 
0 
0 
1 853
0 
2 4198 5279
0 
0 
0 
1 4764
0 
0 
0 
0 
0 
1 1338
0 
1 2156
0 
2 1836 4156
0 
0 
0 
0 
2 3112 5104
0 
0 
0 
0 
0 
0 
0 
0 
0 
0 
0 
0 
0 
0 
0 
1 715
0 
0 
1 2482
0 
1 4838
1 2759
0 
0 
0 
0 
0 
0 
0 
0 
0 
0 
0 
0 
0 
1 3075
1 2394
0 
0 
0 
0 
0 
0 
0 
0 
1 3420
1 412
0 
1 1302
0 
1 237
1 58
0 
0 
0 
0 
0 
0 
0 
0 
0 
0 
0 
0 
0 
0 
0 
0 
0 
0 
0 
0 
0 
0 
0 
0 
0 
1 252
0 
0 
0 
0 
3 3035 4131 5103
0 
0 
0 
0 
0 
0 
0 
0 
0 
1 315
0 
0 
0 
0 
0 
0 
0 
0 
2 2077 4484
0 
0 
0 
0 
0 
0 
0 
0 
0 
0 
0 
1 2574
0 
0 
1 4462
0 
0 
2 372 3828
1 3714
1 4655
0 
0 
0 
0 
0 
1 1070
0 
0 
0 
0 
0 
0 
0 
0 
0 
1 4408
0 
0 
3 304 4334 4611
1 970
0 
0 
0 
1 877
0 
0 
0 
0 
2 175 1416
0 
0 
0 
2 4640 5138
0 
0 
0 
0 
0 
0 
0 
0 
0 
0 
0 
0 
0 
0 
0 
1 2719
0 
0 
0 
0 
1 3163
1 15
0 
0 
0 
0 
0 
2 359 1820
0 
0 
0 
2 3819 4563
0 
0 
0 
0 
0 
0 
0 
0 
0 
1 1635
0 
1 694
0 
0 
0 
0 
0 
0 
0 
0 
0 
0 
1 1878
0 
0 
0 
0 
1 3744
0 
0 
2 288 449
0 
2 132 5220
0 
0 
0 
0 
0 
1 1683
0 
0 
2 805 4620
0 
0 
0 
0 
0 
0 
1 3588
0 
0 
0 
0 
0 
0 
0 
0 
0 
0 
0 
0 
0 
1 5548
0 
1 4231
0 
0 
0 
1 3195
1 983
1 117
0 
0 
0 
0 
0 
0 
1 1391
0 
0 
0 
0 
0 
0 
0 
0 
0 
0 
0 
1 4069
2 3847 4632
1 5366
0 
1 1936
1 5027
0 
3 981 1410 4836
0 
0 
1 2396
0 
0 
0 
0 
0 
0 
1 3109
0 
0 
1 3787
0 
1 649
0 
0 
0 
0 
0 
2 870 4365
0 
1 3446
0 
0 
0 
0 
0 
1 3572
0 
0 
1 145
0 
0 
0 
0 
0 
0 
1 3357
0 
0 
0 
0 
0 
0 
0 
0 
0 
0 
1 599
1 1134
0 
0 
1 952
2 642 911
0 
0 
0 
1 140
1 2090
0 
1 69
2 311 2964
0 
0 
0 
1 2013
0 
0 
0 
0 
0 
0 
0 
0 
0 
0 
0 
0 
0 
0 
0 
0 
0 
0 
0 
0 
1 1297
0 
0 
0 
0 
0 
0 
0 
0 
0 
1 3122
1 778
0 
0 
0 
0 
0 
0 
0 
0 
0 
0 
0 
0 
0 
0 
0 
1 2838
1 3993
1 4782
0 
0 
0 
0 
0 
0 
0 
0 
0 
0 
0 
0 
0 
0 
1 3862
0 
0 
1 652
0 
0 
0 
0 
0 
0 
0 
0 
0 
0 
0 
0 
1 4001
0 
0 
0 
0 
0 
2 843 3858
0 
0 
0 
0 
1 2091
0 
0 
0 
0 
0 
0 
0 
0 
1 3741
3 334 1403 4163
0 
0 
0 
3 893 3200 5147
0 
0 
0 
0 
0 
0 
0 
2 1982 3959
0 
1 3316
0 
0 
0 
0 
0 
0 
0 
0 
0 
0 
0 
0 
0 
0 
0 
0 
1 201
0 
1 2082
0 
0 
0 
0 
0 
0 
0 
1 685
0 
0 
0 
0 
0 
0 
0 
0 
0 
0 
0 
0 
0 
0 
0 
0 
1 2163
2 266 618
0 
7 1687 2654 2972 3845 4308 4630 4844
0 
0 
0 
0 
0 
0 
1 1889
0 
0 
0 
0 
0 
0 
0 
0 
0 
0 
1 5097
1 4996
0 
1 479
0 
0 
2 122 2134
0 
0 
0 
0 
0 
0 
0 
0 
0 
0 
1 3806
0 
0 
1 2484
2 2435 4417
0 
0 
0 
0 
0 
1 2776
0 
0 
0 
0 
1 128
0 
0 
0 
0 
0 
0 
0 
0 
1 1108
0 
0 
0 
0 
0 
0 
1 948
0 
0 
0 
1 4741
0 
0 
0 
0 
0 
0 
0 
0 
0 
0 
0 
1 638
0 
0 
0 
0 
0 
1 3070
0 
0 
0 
0 
0 
0 
1 5266
0 
0 
0 
0 
1 753
1 2316
0 
1 1069
0 
0 
0 
0 
0 
0 
1 1001
1 991
1 628
0 
0 
0 
0 
1 165
0 
0 
0 
0 
0 
0 
0 
0 
0 
1 1212
0 
0 
0 
0 
0 
0 
0 
0 
1 5456
1 3717
0 
0 
0 
0 
0 
0 
0 
1 1980
0 
0 
0 
0 
0 
0 
0 
1 4342
0 
0 
0 
1 5354
0 
0 
1 3128
0 
0 
0 
0 
0 
0 
0 
0 
0 
0 
1 836
0 
0 
0 
0 
0 
0 
0 
0 
0 
1 4236
0 
0 
0 
0 
0 
0 
0 
0 
0 
0 
0 
0 
2 3219 4432
0 
1 816
0 
0 
0 
0 
1 1296
0 
0 
0 
1 300
0 
0 
0 
0 
0 
0 
0 
0 
0 
0 
0 
0 
0 
0 
0 
0 
0 
0 
0 
0 
1 106
1 5173
0 
2 3702 4227
1 4333
0 
0 
1 2361
0 
0 
0 
0 
0 
0 
0 
0 
1 955
0 
0 
0 
0 
0 
0 
0 
1 4002
2 2555 4658
0 
0 
1 5256
0 
0 
0 
1 1421
1 4853
0 
0 
0 
0 
0 
0 
0 
0 
0 
0 
0 
0 
0 
1 3423
0 
2 1319 2956
0 
0 
0 
0 
1 4153
0 
0 
0 
0 
0 
0 
0 
0 
1 4396
1 2007
0 
0 
0 
0 
0 
1 5150
1 246
0 
1 2836
0 
1 4493
0 
0 
0 
1 4586
0 
1 3179
1 2732
0 
1 3292
1 1640
0 
0 
0 
0 
0 
0 
0 
0 
0 
0 
0 
0 
0 
0 
0 
0 
1 3416
0 
0 
0 
0 
0 
0 
2 1617 2444
0 
0 
1 1452
1 1976
0 
0 
0 
1 3581
0 
1 1691
0 
0 
0 
0 
1 2426
1 593
0 
0 
0 
0 
0 
1 2203
0 
0 
1 614
0 
0 
1 3080
0 
0 
0 
0 
0 
0 
0 
0 
0 
0 
0 
0 
0 
0 
0 
0 
0 
0 
0 
0 
0 
0 
0 
1 2980
1 1754
0 
0 
0 
0 
1 3537
2 1112 2554
0 
0 
0 
0 
0 
1 3320
0 
0 
0 
1 357
1 3477
0 
0 
1 2206
0 
0 
1 3886
0 
0 
0 
0 
0 
1 4252
0 
0 
0 
0 
1 204
0 
1 195
1 4053
0 
1 3267
1 3047
0 
1 3034
0 
1 131
1 2992
0 
0 
0 
1 4680
1 350
1 1667
0 
0 
1 5484
0 
0 
0 
0 
0 
3 275 837 2481
0 
0 
0 
0 
0 
0 
0 
0 
1 1762
0 
0 
0 
2 3867 4336
0 
0 
0 
0 
0 
0 
0 
0 
0 
0 
0 
0 
0 
2 720 2580
0 
0 
0 
1 822
0 
0 
0 
0 
1 466
0 
0 
0 
0 
0 
0 
0 
0 
0 
0 
0 
0 
1 3274
1 5473
0 
0 
0 
0 
0 
0 
0 
0 
0 
0 
0 
0 
0 
0 
2 4346 4507
0 
0 
1 5471
0 
0 
0 
0 
0 
0 
1 2786
0 
0 
0 
0 
0 
0 
0 
0 
0 
0 
0 
0 
0 
0 
0 
0 
0 
0 
0 
0 
0 
0 
0 
0 
0 
1 4936
1 2727
0 
0 
0 
0 
2 3184 5222
0 
0 
0 
0 
0 
2 46 829
1 1071
0 
0 
0 
0 
0 
0 
0 
0 
0 
1 2721
0 
0 
0 
1 2238
0 
0 
0 
0 
0 
0 
0 
0 
0 
0 
0 
0 
0 
0 
0 
0 
0 
0 
0 
0 
0 
0 
0 
0 
0 
0 
0 
0 
0 
0 
0 
0 
0 
0 
0 
0 
0 
1 1344
0 
0 
0 
1 2047
0 
0 
0 
0 
0 
0 
0 
0 
0 
0 
0 
0 
0 
0 
0 
0 
0 
0 
1 3737
0 
1 4716
1 2715
0 
1 2749
0 
0 
0 
0 
0 
1 5036
0 
0 
0 
0 
0 
0 
0 
0 
0 
1 3571
0 
0 
1 540
0 
0 
0 
0 
0 
0 
1 2741
0 
1 5401
0 
0 
0 
0 
0 
0 
0 
0 
0 
0 
0 
0 
0 
0 
0 
1 1509
0 
0 
0 
0 
0 
0 
1 1493
0 
0 
0 
0 
0 
0 
0 
0 
0 
0 
0 
0 
0 
1 452
0 
0 
1 5344
0 
1 161
1 2196
0 
0 
0 
0 
0 
0 
2 1965 4121
0 
0 
0 
0 
0 
0 
0 
0 
0 
0 
0 
0 
0 
1 1817
0 
2 2613 4078
0 
0 
0 
0 
0 
1 4887
0 
0 
1 4722
0 
0 
0 
0 
0 
0 
0 
0 
0 
0 
0 
0 
0 
0 
0 
0 
0 
0 
0 
0 
0 
0 
0 
0 
0 
0 
0 
0 
0 
0 
0 
0 
0 
0 
1 2557
0 
0 
0 
0 
0 
0 
0 
0 
0 
0 
0 
0 
0 
1 941
0 
0 
0 
1 5174
1 2094
0 
0 
0 
1 460
0 
0 
0 
0 
0 
0 
0 
0 
0 
0 
0 
0 
1 2319
0 
0 
0 
1 5158
0 
0 
0 
0 
0 
1 5113
0 
0 
0 
0 
0 
1 1494
1 4594
0 
0 
0 
1 2532
0 
1 1419
1 4367
0 
0 
0 
0 
1 1813
0 
1 3427
0 
0 
1 5309
0 
0 
0 
0 
0 
0 
1 2924
0 
0 
0 
0 
0 
0 
0 
0 
0 
0 
0 
0 
0 
0 
0 
0 
0 
0 
0 
0 
1 4285
0 
0 
0 
0 
1 3623
1 3559
0 
0 
1 4453
0 
0 
0 
0 
0 
0 
0 
0 
0 
0 
0 
0 
0 
1 4803
1 235
0 
0 
0 
0 
0 
0 
0 
0 
0 
0 
0 
1 3799
0 
0 
0 
0 
0 
0 
0 
0 
0 
1 2891
0 
0 
0 
0 
0 
0 
0 
0 
0 
0 
