1 193
1 1506
1 1736
1 6193
1 480
1 6071
1 1209
1 7621
1 424
1 5697
1 3107
1 2483
1 2250
1 2510
1 247
1 54
1 11448
1 903
1 145
1 6205
1 3909
1 1556
1 120
1 4708
1 160
1 3026
1 14555
1 6140
1 7171
1 876
1 4905
1 545
1 2638
1 2511
1 5344
1 213
1 13465
1 3928
1 11882
1 1274
1 2925
1 311
1 2894
1 400
1 3882
1 3715
1 5415
1 2424
1 4367
1 7936
1 1205
1 64
1 715
1 11158
1 11655
1 19268
1 3905
1 12011
1 3056
1 2182
1 1973
1 1835
1 455
1 5427
1 1046
1 605
1 6705
1 5875
1 34
1 3131
1 4397
1 12925
1 3947
1 1823
1 3668
1 2099
1 2679
1 249
1 672
1 16140
1 7374
1 17784
1 9601
1 5313
1 545
1 715
1 2581
1 3690
1 3176
1 400
1 273
1 1203
1 6445
1 3025
1 2378
1 233
1 2378
1 7650
1 3702
1 4013
1 54
1 9299
1 3988
1 2543
1 14744
1 6205
1 891
1 1338
1 9095
1 131
1 8145
1 7302
1 628
1 8363
1 2035
1 1650
1 3507
1 60
1 775
1 2156
1 13474
1 1634
1 16815
1 2320
1 400
1 6477
1 4530
1 5548
1 57
1 629
1 6916
1 5009
1 1063
1 1544
1 6742
1 5601
1 3131
1 1234
1 19590
1 516
1 12470
1 10671
1 1186
1 1744
1 13970
1 758
1 1573
1 5288
1 5262
1 35
1 157
1 78
1 9741
1 7621
1 11510
1 3892
1 400
1 3469
1 984
1 2581
1 138
1 944
1 1012
1 2486
1 16573
1 660
1 368
1 3573
1 1046
1 16065
1 5176
1 2120
1 104
1 10550
1 1284
1 3016
1 5358
1 1927
1 786
1 1897
1 1209
1 10117
1 258
1 8625
1 10815
1 9004
1 835
1 715
1 310
1 4010
1 1157
1 1150
1 411
1 3604
1 13599
1 273
1 588
1 120
1 684
1 271
1 6282
1 7390
1 8137
1 101
1 3131
1 6774
1 2754
1 54
1 335
1 6717
1 129
1 97
1 8628
1 115
1 1414
1 2571
1 638
1 138
1 6203
1 714
1 223
1 138
1 6442
1 54
1 250
1 16461
1 2161
1 2551
1 10165
1 265
1 2788
1 673
1 5969
1 11817
1 1704
1 2468
1 1376
1 5472
1 8337
1 5907
1 638
1 844
1 1823
1 1111
1 5697
1 6332
1 5673
1 2469
1 163
1 3032
1 16927
1 2192
1 968
1 3672
1 8293
1 197
1 2571
1 344
1 1146
1 171
1 8367
1 546
1 1261
1 8912
1 53
1 1301
1 410
1 1646
1 9014
1 436
1 1691
1 2756
1 1693
1 9547
1 335
1 4550
1 3154
1 3384
1 3016
1 2594
1 2679
1 10011
1 2071
1 13810
1 4377
1 5775
1 1304
1 1905
1 1059
1 737
1 4453
1 1304
1 714
1 4414
1 690
1 7002
1 1463
1 3863
1 9571
1 998
1 793
1 518
1 11583
1 8576
1 3095
1 3495
1 4293
1 267
1 3237
1 6645
1 812
1 7950
1 6083
1 4562
1 2772
1 153
1 2724
1 10117
1 2762
1 6992
1 203
1 1749
1 3665
1 3822
1 2396
1 4779
1 4220
1 15544
1 561
1 3094
1 1423
1 356
1 2721
1 287
1 213
1 1098
1 7874
1 97
1 138
1 9222
1 145
1 1235
1 1455
1 2322
1 407
1 2162
1 716
1 1403
1 1506
1 1650
1 813
1 14126
1 153
1 2399
1 892
1 1000
1 1969
1 17188
1 5030
1 1628
1 989
1 1919
1 3489
1 138
1 11764
1 6645
1 620
1 4490
1 588
1 19118
1 2156
1 5991
1 4710
1 1414
1 65
1 9495
1 1246
1 2809
1 1434
1 2302
1 2772
1 5045
1 876
1 1228
1 900
1 1598
1 7459
1 2671
1 933
1 2658
1 64
1 1422
1 9355
1 1888
1 7904
1 10002
1 7087
1 6491
1 5618
1 9461
1 2817
1 265
1 207
1 1716
1 6106
1 2382
1 6052
1 2876
1 7353
1 628
1 5988
1 2571
1 1308
1 2949
1 4275
1 5158
1 831
1 1921
1 1555
1 4489
1 1894
1 1939
1 952
1 9194
1 9400
1 13576
1 322
1 145
1 60
1 6990
1 2108
1 1005
1 6627
1 6916
1 17343
1 7192
1 6537
1 1330
1 34
1 412
1 6302
1 368
1 2293
1 3303
1 1506
1 9778
1 2581
1 9965
1 970
1 906
1 2469
1 4646
1 951
1 947
1 7816
1 3169
1 259
1 1048
1 358
1 1475
1 1814
1 120
1 279
1 2152
1 780
1 3604
1 11090
1 11473
1 1409
1 2870
1 203
1 27
1 7041
1 285
1 9510
1 3262
1 94
1 1683
1 849
1 9775
1 4560
1 8812
1 545
1 288
1 267
1 880
1 716
1 4043
1 5334
1 64
1 193
1 637
1 120
1 3742
1 1607
1 4132
1 1092
1 2942
1 1918
1 1100
1 1597
1 10107
1 1082
1 608
1 12718
1 337
1 4375
1 565
1 11061
1 14357
1 131
1 2734
1 581
1 11549
1 1746
1 2519
1 1507
1 2661
1 4372
1 8449
1 7525
1 2521
1 1946
1 54
1 16277
1 1578
1 275
1 4426
1 629
1 1005
1 86
1 80
1 5798
1 249
1 9803
1 1212
1 1888
1 8760
1 211
1 1065
1 1228
1 18125
1 351
1 5697
1 34
1 5331
1 1423
1 1954
1 278
1 2323
1 8824
1 382
1 9344
1 4132
1 6198
1 9884
1 2674
1 2815
1 856
1 585
1 874
1 3113
1 9423
1 18212
1 1895
1 10252
1 3470
1 5248
1 3906
1 995
1 1000
1 44
1 1888
1 2172
1 9930
1 0
1 1844
1 3237
1 659
1 3953
1 36
1 2349
1 3740
1 561
1 153
1 2613
1 714
1 16825
1 4375
1 2299
1 38
1 845
1 881
1 4460
1 736
1 602
1 9510
1 4594
1 21673
1 1818
1 1110
1 715
1 3000
1 265
1 1836
1 1431
1 4754
1 320
1 3260
1 1459
1 9664
1 16065
1 448
1 9571
1 6641
1 2942
1 951
1 2809
1 3565
1 2585
1 9275
1 7100
1 1841
1 3892
1 2483
1 2304
1 2161
1 2152
1 1782
1 5781
1 695
1 34
1 267
1 2014
1 2328
1 1316
1 992
1 8435
1 988
1 3472
1 2517
1 2349
1 856
1 2674
1 1120
1 1484
1 5261
1 1373
1 351
1 5450
1 3646
1 3096
1 4872
1 97
1 257
1 3566
1 715
1 257
1 1094
1 3989
1 2943
1 3649
1 10173
1 13876
1 1589
1 814
1 1634
1 4578
1 2248
1 4592
1 97
1 7472
1 9376
1 5880
1 16916
1 1678
1 6226
1 145
1 714
1 3865
1 6982
1 1942
1 5982
1 833
1 138
1 1957
1 1818
1 3386
1 964
1 138
1 6666
1 1281
1 1940
1 5880
1 5538
1 153
1 173
1 2338
1 7820
1 3877
1 3586
1 393
1 6434
1 5788
1 11128
1 1927
1 7235
1 3120
1 5318
1 6705
1 2318
1 2002
1 2310
1 36
1 918
1 190
1 351
1 2674
1 2674
1 4533
1 1586
1 2990
1 9290
1 1047
1 54
1 2489
1 4555
1 1536
1 27
1 2328
1 849
1 645
1 7756
1 8495
1 7058
1 1038
1 3646
1 2531
1 455
1 2055
1 337
1 10671
1 2182
1 455
1 1568
1 1246
1 1906
1 7938
1 15472
1 715
1 940
1 3164
1 4002
1 11910
1 872
1 7285
1 3468
1 3167
1 2390
1 715
1 4055
1 5075
1 236
1 3190
1 2136
1 3850
1 5143
1 401
1 2671
1 3604
1 31
1 51
1 2702
1 2644
1 6751
1 2736
1 138
1 419
1 6920
1 3745
1 14657
1 27
1 1579
1 80
1 3487
1 252
1 4622
1 968
1 5197
1 3541
1 5788
1 2140
1 80
1 3223
1 718
1 2326
1 9636
1 34
1 16642
1 5155
1 1012
1 1894
1 9685
1 3092
1 2671
1 2865
1 16777
1 3604
1 588
1 3298
1 6886
1 7291
1 4970
1 1329
1 1012
1 4717
1 7257
1 1921
1 2593
1 9571
1 354
1 600
1 1012
1 384
1 3959
1 34
1 4622
1 1420
1 2478
1 1542
1 2671
1 382
1 283
1 2990
1 13831
1 712
1 1731
1 3055
1 4575
1 3478
1 24
1 715
1 563
1 3335
1 5518
1 420
1 3952
1 4543
1 4754
1 839
1 2680
1 857
1 523
1 1941
1 933
1 15186
1 635
1 77
1 1533
1 3665
1 1586
1 5550
1 16879
1 54
1 179
1 480
1 382
1 3004
1 787
1 3131
1 5788
1 4006
1 9347
1 27
1 138
1 12099
1 80
1 16343
1 11047
1 653
1 712
1 178
1 1198
1 4047
1 14335
1 622
1 562
1 4754
1 2332
1 3237
1 1579
1 3592
1 1212
1 1946
1 6181
1 1278
1 6
1 2098
1 8148
1 2079
1 2835
1 6181
1 2398
1 87
1 15292
1 1468
1 276
1 2710
1 4421
1 7963
1 938
1 400
1 9981
1 623
1 44
1 4358
1 67
1 2438
1 138
1 6226
1 1888
1 2386
1 1973
1 10107
1 629
1 97
1 57
1 1161
1 1
1 199
1 3265
1 2002
1 1655
1 9222
1 1319
1 1906
1 786
1 432
1 7361
1 714
1 10366
1 5228
1 715
1 620
1 13196
1 193
1 5720
1 6928
1 265
1 3084
1 3233
1 2796
1 337
1 6213
1 684
1 5103
1 5713
1 5510
1 13054
1 2705
1 2236
1 698
1 3315
1 22
1 939
1 7037
1 5071
1 10324
1 2173
1 15258
1 8547
1 523
1 1514
1 2936
1 145
1 8357
1 6651
1 9533
1 54
1 4892
1 138
1 4352
1 485
1 86
1 850
1 359
1 2773
1 6179
1 182
1 11577
1 161
1 1488
1 2590
1 2339
1 13607
1 1506
1 9911
1 1654
1 3625
1 7685
1 7272
1 3498
1 327
1 11236
1 786
1 4550
1 2276
1 742
1 682
1 7845
1 5721
1 4257
1 567
1 957
1 6982
1 2252
1 242
1 3187
1 6388
1 660
1 325
1 52
1 6774
1 1121
1 193
1 6325
1 203
1 533
1 5644
1 6930
1 4760
1 3365
1 16027
1 4396
1 1094
1 705
1 595
1 444
1 9856
1 27
1 5877
1 138
1 15060
1 3674
1 6923
1 10444
1 786
1 57
1 1056
1 1704
1 635
1 97
1 714
1 1506
1 3030
1 7444
1 8929
1 7430
1 790
1 193
1 5285
1 4754
1 362
1 1104
1 2307
1 3231
1 382
1 3205
1 9461
1 12869
1 2014
1 64
1 3244
1 7388
1 205
1 1888
1 546
1 6333
1 4754
1 2019
1 5440
1 124
1 6385
1 213
1 2336
1 1712
1 27
1 138
1 3023
1 1179
1 851
1 12453
1 13210
1 6506
1 4492
1 222
1 780
1 749
1 849
1 1802
1 255
1 153
1 715
1 3903
1 11817
1 1011
1 327
1 80
1 9968
1 6161
1 3822
1 1653
1 469
1 4296
1 1121
1 257
1 7437
1 414
1 327
1 3946
1 596
1 205
1 12035
1 10351
1 12634
1 5448
1 4777
1 337
1 8663
1 2248
1 2499
1 260
1 894
1 1351
1 3905
1 4296
1 2571
1 80
1 2563
1 6106
1 3131
1 5513
1 5338
1 2679
1 5451
1 34
1 97
1 1250
1 4574
1 10047
1 851
1 3996
1 5805
1 1043
1 10827
1 57
1 1568
1 6137
1 674
1 3144
1 8400
1 1864
1 317
1 1147
1 2139
1 97
1 2282
1 1077
1 9423
1 7643
1 2719
1 2551
1 10909
1 903
1 831
1 2571
1 954
1 2643
1 2638
1 11204
1 1030
1 13599
1 97
1 316
1 516
1 323
1 264
1 500
1 1741
1 1384
1 1012
1 4393
1 2381
1 3905
1 1250
1 1888
1 2156
1 14345
1 138
1 5791
1 3496
1 1275
1 4028
1 193
1 2996
1 7037
1 8367
1 3865
1 23471
1 5089
1 8003
1 8979
1 558
1 755
1 872
1 714
1 2253
1 3166
1 4549
1 11582
1 6916
1 112
1 12447
1 359
1 715
1 5673
1 59
1 2161
1 3533
1 2901
1 8628
1 3113
1 7588
1 9381
1 203
1 30
1 2788
1 410
1 3909
1 138
1 1486
1 4037
1 1260
1 2990
1 15228
1 301
1 15184
1 186
1 577
1 857
1 1905
1 7459
1 690
1 153
1 8834
1 10324
1 16317
1 6395
1 400
1 1012
1 1922
1 2248
1 26
1 8038
1 6046
1 790
1 1250
1 699
1 1126
1 6232
1 7110
1 42
1 10788
1 257
1 80
1 775
1 1529
1 742
1 4431
1 1139
1 1198
1 3166
1 97
1 6837
1 1638
1 2399
1 2936
1 3109
1 13277
1 227
1 6510
1 8225
1 3084
1 6437
1 214
1 589
1 1640
1 1012
1 4003
1 52
1 593
1 28
1 412
1 2285
1 1475
1 560
1 4478
1 1764
1 400
1 2121
1 19304
1 1488
1 97
1 3733
1 2293
1 644
1 54
1 2423
1 3265
1 13855
1 2679
1 101
1 1714
1 16623
1 1250
1 588
1 1246
1 1168
1 2620
1 50
1 6678
1 311
1 2531
1 6652
1 34
1 8896
1 351
1 8996
1 1766
1 4007
1 1655
1 94
1 8796
1 2366
1 1599
1 2726
1 989
1 3949
1 10058
1 510
1 13855
1 5183
1 2222
1 1000
1 6173
1 943
1 327
1 10485
1 545
1 924
1 6640
1 2922
1 1105
1 6914
1 8473
1 673
1 629
1 2155
1 6874
1 2772
1 846
1 10942
1 1691
1 1524
1 1945
1 3227
1 1674
1 322
1 9495
1 921
1 11839
1 1634
1 4634
1 13131
1 3883
1 142
1 32
1 4266
1 1429
1 50
1 3688
1 1820
1 968
1 1598
1 1506
1 27
1 7732
1 9889
1 356
1 1568
1 1926
1 11027
1 2073
1 277
1 277
1 2581
1 5090
1 44
1 19744
1 1292
1 120
1 670
1 2844
1 3492
1 2121
1 786
1 933
1 145
1 3117
1 5240
1 849
1 210
1 965
1 27
1 936
1 1926
1 3000
1 798
1 282
1 2248
1 6181
1 9535
1 6379
1 715
1 6892
1 75
1 97
1 9689
1 59
1 3187
1 4232
1 1922
1 301
1 13342
1 80
1 738
1 1888
1 153
1 942
1 220
1 138
1 5401
1 3496
1 4057
1 851
1 5794
1 6870
1 3000
1 11314
1 9663
1 97
1 193
1 677
1 8082
1 9007
1 903
1 739
1 5191
1 7447
1 1197
1 856
1 286
1 1759
1 2541
1 74
1 1715
1 2348
1 2373
1 27
1 1012
1 4951
1 10800
1 153
1 4019
1 861
1 501
1 562
1 3183
1 2808
1 1414
1 2617
1 1293
1 2271
1 64
1 3124
1 112
1 14026
1 153
1 3882
1 1212
1 1502
1 5440
1 4545
1 1393
1 5496
1 6610
1 678
1 80
1 2671
1 2642
1 13697
1 10012
1 707
1 477
1 5758
1 10232
1 208
1 1506
1 1011
1 400
1 2735
1 316
1 304
1 153
1 5240
1 3794
1 75
1 9648
1 16694
1 4788
1 25
1 9662
1 9928
1 361
1 7582
1 1043
1 16879
1 7410
1 356
1 856
1 11447
1 21571
1 6131
1 4754
1 2487
1 4638
1 1000
1 97
1 11026
1 4632
1 7464
1 5424
1 413
1 11827
1 482
1 2478
1 126
1 1752
1 97
1 53
1 565
1 3419
1 1672
1 1655
1 3201
1 8383
1 9357
1 5580
1 77
1 12679
1 4754
1 2964
1 857
1 706
1 13232
1 2498
1 339
1 786
1 1458
1 160
1 584
1 1339
1 390
1 10438
1 447
1 178
1 3117
1 8642
1 7973
1 4059
1 6000
1 846
1 1246
1 1014
1 1260
1 16168
1 96
1 1398
1 9431
1 2009
1 3413
1 6914
1 1212
1 3679
1 13128
1 631
1 11712
1 4869
1 1434
1 54
1 4367
1 2681
1 6092
1 833
1 1286
1 1614
1 6505
1 145
1 494
1 4456
1 10623
1 1655
1 5090
1 4568
1 3511
1 6563
1 5234
1 1409
1 44
1 904
1 257
1 7755
1 513
1 7628
1 2336
1 13751
1 2623
1 1885
1 7087
1 2551
1 5165
1 3368
1 54
1 1360
1 599
1 8741
1 444
1 1261
1 9222
1 3631
1 2381
1 2839
1 3417
1 714
1 13865
1 1747
1 9547
1 337
1 623
1 12333
1 1506
1 677
1 2416
1 1927
1 5889
1 6080
1 51
1 390
1 855
1 21
1 2658
1 9495
1 8582
1 1888
1 495
1 2043
1 979
1 1589
1 145
1 3234
1 3260
1 2100
1 5667
1 2835
1 1631
1 1155
1 3625
1 2660
1 12499
1 943
1 1835
1 14383
1 1022
1 5788
1 4698
1 337
1 859
1 4134
1 16464
1 7519
1 1235
1 236
1 443
1 255
1 876
1 4489
1 63
1 2195
1 3131
1 87
1 2671
1 2918
1 1003
1 1847
1 2671
1 1772
1 9431
1 3675
1 243
1 1262
1 1720
1 3
1 521
1 16021
1 16694
1 939
1 9222
1 153
1 1414
1 3241
1 8684
1 516
1 5533
1 2208
1 285
1 127
1 2868
1 317
1 138
1 7120
1 4951
1 447
1 8186
1 3016
1 20
1 51
1 1777
1 788
1 9482
1 8334
1 2581
1 193
1 7625
1 1919
1 1302
1 3234
1 5497
1 1645
1 11144
1 6054
1 6682
1 3039
1 2494
1 443
1 4300
1 8686
1 1458
1 3131
1 5725
1 323
1 3091
1 11
1 138
1 1097
1 19
1 3915
1 15542
1 6564
1 17526
1 2814
1 3231
1 3066
1 1756
1 851
1 3131
1 1823
1 3625
1 12727
1 5696
1 34
1 5564
1 11278
1 15092
1 8918
1 2030
1 9222
1 1823
1 2457
1 465
1 331
1 138
1 647
1 2761
1 3395
1 13
1 97
1 265
1 169
1 7085
1 235
1 2571
1 712
1 2274
1 865
1 5788
1 1043
1 100
1 3053
1 3579
1 3309
1 6774
1 4355
1 1570
1 3516
1 372
1 372
1 317
1 986
1 3439
1 1500
1 9014
1 5038
1 10909
1 3789
1 883
1 322
1 2316
1 2124
1 828
1 2572
1 13338
1 4415
1 118
1 561
1 8558
1 11577
1 792
1 4841
1 1184
1 11377
1 51
1 292
1 1921
1 4710
1 968
1 941
1 16260
1 4200
1 3604
1 2627
1 1614
1 2248
1 2465
1 699
1 7351
1 362
1 1621
1 138
1 337
1 1077
1 2767
1 11552
1 7122
1 746
1 797
1 2716
1 1314
1 518
1 74
1 13272
1 3989
1 555
1 5805
1 4659
1 14589
1 1942
1 533
1 16694
1 54
1 734
1 476
1 2009
1 2178
1 11248
1 470
1 826
1 755
1 3131
1 5510
1 7939
1 145
1 4134
1 1413
1 346
1 3215
1 5262
1 34
1 1824
1 9005
1 329
1 1942
1 247
1 97
1 1391
1 1022
1 85
1 7356
1 2935
1 13505
1 1077
1 120
1 2773
1 14397
1 1054
1 1849
1 5788
1 22889
1 1235
1 2668
1 2806
1 7695
1 730
1 4289
1 7272
1 5625
1 1507
1 1619
1 1246
1 6760
1 10840
1 5363
1 12882
1 1823
1 2401
1 999
1 1506
1 14416
1 2248
1 743
1 327
1 3740
1 1452
1 6255
1 9327
1 6393
1 1159
1 8343
1 2164
1 595
1 989
1 4888
1 1999
1 1495
1 5030
1 560
1 249
1 7180
1 3131
1 250
1 1337
1 7212
1 27
1 7697
1 1597
1 10515
1 4453
1 867
1 925
1 3188
1 653
1 5116
1 3092
1 1836
1 10942
1 145
1 1221
1 9495
1 72
1 3403
1 315
1 2
1 4156
1 3131
1 5058
1 4495
1 1607
1 856
1 6721
1 3604
1 2059
1 10214
1 1691
1 4575
1 52
1 2349
1 865
1 2259
1 8998
1 6485
1 322
1 3996
1 145
1 9177
1 348
1 287
1 2454
1 3394
1 185
1 11312
1 5248
1 1029
1 4704
1 138
1 1107
1 6911
1 5213
1 372
1 1298
1 252
1 6405
1 2301
1 1423
1 846
1 1506
1 3905
1 322
1 149
1 2422
1 832
1 17487
1 5344
1 63
1 9553
1 3349
1 356
1 18639
1 5513
1 818
1 5856
1 153
1 10546
1 2167
1 209
1 2468
1 5633
1 4444
1 4204
1 51
1 12
1 703
1 54
1 1818
1 3170
1 316
1 1906
1 7326
1 3918
1 4328
1 6129
1 461
1 4792
1 516
1 954
1 353
1 1549
1 1193
1 245
1 270
1 857
1 2528
1 3414
1 13119
1 7120
1 1082
1 7109
1 1897
1 13783
1 9717
1 8304
1 8495
1 1275
1 7903
1 4002
1 5086
1 689
1 14688
1 2835
1 3301
1 2527
1 2922
1 22
1 507
1 969
1 2079
1 1640
1 715
1 2796
1 16506
1 283
1 9252
1 1939
1 4828
1 1237
1 506
1 5215
1 5183
1 857
1 6083
1 2219
1 523
1 12100
1 18
1 1274
1 1536
1 6154
1 199
1 311
1 4841
1 1451
1 4074
1 6580
1 5950
1 8334
1 8903
1 2308
1 5491
1 999
1 876
1 5140
1 5431
1 2822
1 1969
1 3996
1 2629
1 2002
1 431
1 3972
1 7989
1 7541
1 4007
1 257
1 165
1 1414
1 5601
1 2034
1 800
1 2990
1 15545
1 64
1 2313
1 8825
1 159
1 1186
1 16694
1 6243
1 1474
1 596
1 2055
1 2445
1 613
1 337
1 533
1 10045
1 9
1 227
1 1046
1 6139
1 1003
1 4632
1 97
1 138
1 241
1 221
1 3466
1 6287
1 2249
1 6705
1 10714
1 3416
1 1554
1 1817
1 5497
1 3897
1 731
1 34
1 903
1 660
1 718
1 255
1 11193
1 2506
1 601
1 865
1 1105
1 10254
1 5474
1 4229
1 772
1 138
1 3016
1 1823
1 9884
1 2824
1 3246
1 1063
1 443
1 2483
1 153
1 265
1 1948
1 676
1 1161
1 774
1 4095
1 4785
1 6226
1 457
1 2942
1 194
1 2030
1 2381
1 5129
1 1823
1 11999
1 1408
1 7214
1 1274
1 2790
1 1182
1 18170
1 3119
1 6399
1 1506
1 545
1 54
1 138
1 501
1 10011
1 31
1 1076
1 3205
1 16960
1 6895
1 15950
1 2076
1 4708
1 2081
1 439
1 1586
1 9485
1 97
1 64
1 2541
1 6226
1 97
1 710
1 145
1 5198
1 14053
1 145
1 1486
1 3016
1 362
1 1586
1 153
1 10677
1 15949
1 1480
1 4660
1 6959
1 1640
1 7468
1 86
1 943
1 675
1 2204
1 10
1 6188
1 4660
1 4970
1 978
1 4866
1 194
1 10436
1 6366
1 2184
1 519
1 7242
1 1112
1 193
1 6328
1 1046
1 12039
1 856
1 9803
1 1684
1 213
1 22925
1 8635
1 9634
1 1747
1 7017
1 2121
1 2641
1 2242
1 8825
1 3386
1 621
1 14746
1 3911
1 4019
1 4482
1 10058
1 4382
1 1839
1 1038
1 322
1 1334
1 1416
1 49
1 1888
1 1203
1 885
1 7855
1 1204
1 3704
1 175
1 5294
1 1790
1 154
1 94
1 1888
1 714
1 2336
1 836
1 3131
1 4829
1 523
1 3043
1 6814
1 6066
1 1246
1 4710
1 241
1 2671
1 98
1 6210
1 3997
1 143
1 831
1 1872
1 5865
1 102
1 57
1 3386
1 2731
1 3550
1 4612
1 25
1 4635
1 900
1 400
1 41
1 875
1 193
1 715
1 3993
1 5684
1 10481
1 2596
1 34
1 213
1 2932
1 154
1 770
1 842
1 2002
1 4416
1 2478
1 15069
1 1474
1 8257
1 2733
1 4412
1 3566
1 49
1 80
1 6038
1 1940
1 1807
1 1014
1 835
1 95
1 390
1 1640
1 1607
1 150
1 4871
1 6192
1 5079
1 38
1 1310
1 3265
1 3996
1 11561
1 3782
1 7621
1 16987
1 15194
1 152
1 97
1 319
1 6328
1 2894
1 3310
1 507
1 8440
1 125
1 15949
1 9261
1 80
1 3749
1 138
1 5545
1 9495
1 294
1 370
1 11788
1 4611
1 6119
1 400
1 86
1 3882
1 179
1 1697
1 4712
1 15382
1 133
1 1115
1 4698
1 2140
1 3405
1 1281
1 1878
1 3716
1 400
1 80
1 1209
1 896
1 2674
1 1077
1 2964
1 16313
1 850
1 2268
1 192
1 9607
1 5893
1 702
1 1250
1 3103
1 13339
1 333
1 7543
1 1895
1 5248
1 93
1 30
1 155
1 292
1 6192
1 227
1 4353
1 10469
1 2348
1 699
1 4196
1 2381
1 336
1 152
1 890
1 160
1 685
1 12384
1 4970
1 8886
1 10809
1 2851
1 3831
1 2339
1 4996
1 1790
1 2248
1 3892
1 361
1 2208
1 382
1 9864
1 269
1 8148
1 4795
1 299
1 7561
1 1888
1 493
1 3907
1 2758
1 54
1 12341
1 644
1 2248
1 6764
1 2571
1 1043
1 2103
1 323
1 951
1 18
1 4628
1 1430
1 47
1 7120
1 551
1 138
1 4712
1 104
1 2019
1 3131
1 3245
1 1918
1 418
1 2553
1 3171
1 756
1 3228
1 4278
1 44
1 5982
1 8001
1 1246
1 3918
1 1831
1 4552
1 3458
1 1256
1 2942
1 146
1 3123
1 715
1 2005
1 387
1 10401
1 4220
1 5240
1 49
1 2478
1 2646
1 620
1 2469
1 965
1 4579
1 51
1 793
1 5335
1 1844
1 9200
1 6181
1 4754
1 240
1 101
1 1432
1 6492
1 5624
1 239
1 1429
1 34
1 2194
1 4094
1 713
1 8735
1 3654
1 2129
1 7031
1 111
1 1817
1 22233
1 8113
1 138
1 370
1 3370
1 3405
1 1751
1 14444
1 9694
1 764
1 2095
1 205
1 13012
1 15053
1 3265
1 7447
1 8334
1 6918
1 2671
1 516
1 213
1 138
1 2236
1 10356
1 5030
1 5098
1 759
1 265
1 2525
1 588
1 688
1 144
1 5369
1 20016
1 661
1 138
1 1542
1 1502
1 1046
1 5178
1 8576
1 1012
1 109
1 257
1 626
1 4710
1 768
1 2674
1 455
1 2121
1 1506
1 1655
1 678
1 2315
1 8143
1 11998
1 80
1 12154
1 4645
1 1800
1 9938
1 3306
1 6744
1 2681
1 38
1 248
1 1196
1 569
1 546
1 2059
1 51
1 337
1 941
1 2772
1 491
1 1003
1 11402
1 99
1 1488
1 2293
1 1036
1 8495
1 4200
1 225
1 6394
1 4448
1 1805
1 4494
1 992
1 2604
1 5030
1 6705
1 2053
1 2998
1 3604
1 2393
1 2129
1 1429
1 2886
1 3187
1 109
1 2183
1 3830
1 10516
1 1953
1 4525
1 133
1 9047
1 839
1 2830
1 3604
1 252
1 3303
1 715
1 3290
1 2212
1 16175
1 384
1 14595
1 10336
1 1198
1 2248
1 714
1 14933
1 856
1 17174
1 839
1 731
1 3639
1 1536
1 1144
1 485
1 6001
1 1272
1 12776
1 138
1 256
1 3478
1 7188
1 255
1 288
1 4572
1 1043
1 11453
1 1093
1 4275
1 3644
1 14831
1 941
1 1065
1 540
1 1749
1 865
1 4811
1 2571
1 176
1 2584
1 1899
1 3665
1 7820
1 17906
1 11616
1 3074
1 9378
1 10527
1 213
1 2212
1 34
1 3036
1 11019
1 4754
1 81
1 2195
1 43
1 680
1 3345
1 1813
1 5273
1 6602
1 5507
1 7239
1 839
1 714
1 1099
1 4143
1 8832
1 1655
1 2688
1 1799
1 8317
1 19628
1 2758
1 1823
1 849
1 1926
1 5165
1 4622
1 56
1 715
1 1360
1 6924
1 9947
1 15405
1 119
1 1752
1 3231
1 1701
1 430
1 5276
1 51
1 503
1 8050
1 11718
1 7365
1 1607
1 1878
1 4754
1 2808
1 4132
1 576
1 1640
1 265
1 850
1 2378
1 212
1 138
1 2248
1 3152
1 12585
1 10107
1 5447
1 717
1 2835
1 12
1 79
1 97
1 443
1 1847
1 392
1 2835
1 2311
1 5058
1 1018
1 7720
1 5
1 3256
1 767
1 187
1 5540
1 849
1 851
1 679
1 2581
1 5818
1 1512
1 560
1 1124
1 733
1 684
1 715
1 153
1 6033
1 267
1 4575
1 19
1 1178
1 2270
1 13218
1 4899
1 3016
1 257
1 364
1 6690
1 47
1 5946
1 9569
1 1158
1 3432
1 1836
1 138
1 5820
1 921
1 1453
1 1934
1 1823
1 11671
1 60
1 337
1 3370
1 770
1 213
1 3131
1 1209
1 831
1 2310
1 1235
1 3907
1 4710
1 3292
1 443
1 6273
1 4899
1 7291
1 3655
1 4610
1 2551
1 199
1 9563
1 2436
1 4904
1 1059
1 3996
1 10847
1 13092
1 434
1 1968
1 79
1 576
1 1116
1 263
1 320
1 66
1 2777
1 926
1 4560
1 1037
1 2222
1 1022
1 153
1 305
1 153
1 13599
1 5538
1 3476
1 3747
1 3258
1 430
1 1147
1 4943
1 1957
1 1158
1 1332
1 2571
1 4867
1 1033
1 400
1 684
1 539
1 2518
1 7713
1 2168
1 797
1 550
1 7402
1 1037
1 586
1 4793
1 1434
1 5175
1 4442
1 1354
1 1020
1 3865
1 344
1 337
1 1598
1 98
1 691
1 9222
1 293
1 2942
1 13090
1 6106
1 11005
1 1017
1 145
1 3190
1 1065
1 97
1 265
1 1093
1 2332
1 3301
1 2121
1 5438
1 2513
1 1500
1 716
1 97
1 400
1 2642
1 51
1 153
1 1905
1 138
1 2906
1 64
1 257
1 5601
1 51
1 9778
1 4545
1 1151
1 5681
1 11876
1 968
1 849
1 4936
1 7691
1 86
1 7731
1 1919
1 488
1 1669
1 2671
1 1293
1 786
1 11457
1 384
1 5250
1 71
1 2679
1 679
1 329
1 6807
1 2533
1 6054
1 118
1 5260
1 16583
1 14
1 1568
1 654
1 8775
1 5105
1 310
1 4592
1 3958
1 13186
1 5337
1 1662
1 1246
1 671
1 1012
1 51
1 1464
1 1610
1 2742
1 954
1 864
1 39
1 138
1 3740
1 14814
1 1823
1 467
1 14519
1 236
1 5248
1 5532
1 560
1 831
1 193
1 4887
1 6188
1 16694
1 390
1 650
1 923
1 2700
1 715
1 54
1 172
1 4622
1 4849
1 11743
1 4032
1 1024
1 2960
1 2022
1 1254
1 2055
1 1610
1 2648
1 4068
1 145
1 1823
1 6174
1 3598
1 5397
1 602
1 2665
1 8311
1 888
1 2373
1 6605
1 3989
1 11817
1 6150
1 786
1 3690
1 1435
1 820
1 1053
1 3704
1 6641
1 1927
1 10046
1 2680
1 3451
1 395
1 5783
1 2581
1 11521
1 1043
1 18
1 8390
1 5540
1 2881
1 1516
1 2081
1 4242
1 97
1 824
1 1528
1 337
1 3499
1 97
1 138
1 3008
1 6772
1 14560
1 1691
1 29
1 63
1 142
1 1442
1 5756
1 5702
1 1468
1 1607
1 6621
1 265
1 2088
1 8263
1 1453
1 1121
1 675
1 6753
1 3956
1 890
1 94
1 2043
1 8331
1 3679
1 714
1 13154
1 5334
1 885
1 257
1 633
1 44
1 19449
1 6705
1 5667
1 1903
1 1012
1 984
1 64
1 749
1 1714
1 4710
1 927
1 337
1 10647
1 36
1 27
1 1099
1 13918
1 51
1 1274
1 9511
1 2478
1 142
1 3907
1 3332
1 11454
1 1393
1 1870
1 6700
1 918
1 382
1 659
1 12619
1 97
1 3383
1 6475
1 27
1 1281
1 969
1 9323
1 12559
1 4611
1 1743
1 115
1 466
1 4429
1 2208
1 9319
1 51
1 872
1 3131
1 2320
1 502
1 2815
1 2928
1 5955
1 5760
1 1756
1 86
1 3678
1 390
1 2472
1 4415
1 138
1 413
1 98
1 3323
1 12948
1 4322
1 9149
1 4937
1 1012
1 2172
1 226
1 10074
1 8520
1 999
1 6728
1 449
1 630
1 2990
1 307
1 787
1 11552
1 2863
1 414
1 406
1 3301
1 3530
1 3898
1 1351
1 6226
1 6226
1 1709
1 1196
1 9479
1 4873
1 5667
1 138
1 1645
1 301
1 775
1 403
1 588
1 2042
1 4505
1 3433
1 61
1 4570
1 7981
1 4754
1 1785
1 51
1 257
1 134
1 872
1 900
1 77
1 6774
1 715
1 384
1 10909
1 838
1 6640
1 715
1 786
1 2539
1 400
1 27
1 903
1 6565
1 8800
1 1065
1 8571
1 515
1 11239
1 3863
1 443
1 9900
1 746
1 5756
1 3989
1 5790
1 6974
1 2674
1 846
1 2419
1 5603
1 80
1 3282
1 4397
1 1275
1 5788
1 1440
1 735
1 5257
1 443
1 10372
1 5223
1 1978
1 4055
1 928
1 454
1 357
1 7489
1 1275
1 516
1 16
1 18919
1 51
1 58
1 1260
1 13130
1 3592
1 1721
1 984
1 390
1 805
1 3480
1 6409
1 15668
1 4710
1 17153
1 6079
1 251
1 64
1 144
1 32
1 2326
1 8865
1 2985
1 5538
1 3131
1 10950
1 396
1 51
1 8440
1 14483
1 3347
1 34
1 1009
1 27
1 436
1 3623
1 3016
1 6226
1 10401
1 954
1 101
1 1697
1 7311
1 1046
1 690
1 845
1 6070
1 849
1 382
1 715
1 3797
1 8217
1 2583
1 2112
1 15483
1 7033
1 5697
1 7261
1 7732
1 2687
1 17
1 27
1 2719
1 193
1 1234
1 670
1 3559
1 4533
1 6537
1 5788
1 5030
1 1655
1 6054
1 2471
1 4849
1 543
1 337
1 15865
1 4296
1 3989
1 627
1 277
1 12680
1 1755
1 1506
1 4795
1 158
1 5261
1 3533
1 73
1 666
1 8677
1 52
1 2698
1 786
1 1605
1 26
1 1205
1 4805
1 1568
1 1205
1 1506
1 15143
1 1123
1 1958
1 2101
1 672
1 236
1 535
1 255
1 1274
1 8435
1 2638
1 61
1 416
1 400
1 2629
1 2835
1 12342
1 1059
1 997
1 54
1 5090
1 3507
1 42
1 2983
1 322
1 31
1 9222
1 6175
1 17603
1 936
1 4092
1 7020
1 382
1 1926
1 102
1 601
1 461
1 856
1 153
1 10669
1 10468
1 3907
1 2140
1 1246
1 4680
1 34
1 3131
1 3368
1 5582
1 10912
1 672
1 14333
1 516
1 116
1 104
1 5440
1 5103
1 5520
1 167
1 531
1 672
1 8146
1 17919
1 4763
1 2958
1 2
1 8101
1 6056
1 193
1 10019
1 1970
1 139
1 601
1 33
1 1386
1 3615
1 2434
1 2809
1 2671
1 1961
1 97
1 715
1 784
1 4
1 712
1 9346
1 2995
1 2013
1 1043
1 4441
1 327
1 9222
1 2406
1 3722
1 200
1 860
1 9792
1 11235
1 2129
1 9431
1 181
1 11367
1 1549
1 3183
1 3970
1 5397
1 7183
1 6138
1 1105
1 3690
1 54
1 13177
1 13627
1 667
1 1793
1 5982
1 976
1 20660
1 7344
1 18847
1 3131
1 1235
1 1046
1 32
1 9027
1 2625
1 3131
1 3446
1 2790
1 6207
1 3952
1 1609
1 80
1 118
1 1238
1 5880
1 2452
1 3215
1 1506
1 7874
1 4708
1 3015
1 17
1 1835
1 1022
1 3367
1 210
1 17487
1 4706
1 14092
1 3803
1 3057
1 97
1 507
1 3301
1 754
1 99
1 519
1 4839
1 540
1 2110
1 4307
1 1357
1 1000
1 601
1 3356
1 715
1 2381
1 27
1 13139
1 277
1 680
1 1823
1 3865
1 4974
1 265
1 1012
1 4158
1 6086
1 59
1 267
1 17199
1 7626
1 2948
1 6916
1 1588
1 2213
1 924
1 166
1 267
1 1655
1 4805
1 1905
1 2920
1 95
1 5991
1 5975
1 832
1 1814
1 10904
1 4010
1 3386
1 153
1 71
1 21
1 18529
1 4558
1 10606
1 2741
1 4356
1 786
1 2710
1 4473
1 34
1 751
1 424
1 8810
1 548
1 1474
1 4950
1 763
1 712
1 9577
1 10689
1 15911
1 4754
1 6798
1 1000
1 2067
1 921
1 953
1 4200
1 2594
1 11814
1 1488
1 4854
1 2527
1 95
1 2540
1 401
1 1635
1 32
1 1304
1 132
1 1828
1 883
1 1741
1 145
1 2983
1 888
1 9601
1 311
1 156
1 138
1 714
1 13914
1 64
1 2615
1 302
1 6455
1 839
1 1602
1 6245
1 3892
1 1590
1 3731
1 1291
1 4850
1 2607
1 18352
1 3053
1 5259
1 14500
1 1813
1 2581
1 305
1 257
1 2433
1 1709
1 168
1 1852
1 10324
1 2779
1 3883
1 3131
1 4574
1 336
1 183
1 1022
1 8578
1 5004
1 205
1 860
1 968
1 138
1 1878
1 51
1 265
1 856
1 74
1 97
1 1926
1 6421
1 5370
1 3961
1 1291
1 8200
1 144
1 360
1 849
1 203
1 2011
1 3985
1 1148
1 7271
1 4101
1 527
1 87
1 3
1 1899
1 3117
1 5918
1 7969
1 52
1 10199
1 6181
1 1960
1 15170
1 3265
1 715
1 11056
1 3117
1 189
1 1918
1 87
1 2762
1 1583
1 1568
1 7784
1 5236
1 12758
1 5288
1 27
1 899
1 6366
1 1524
1 2332
1 46
1 1540
1 2808
1 12049
1 13013
1 4762
1 2157
1 38
1 4470
1 634
1 6175
1 18572
1 5780
1 5129
1 3667
1 5331
1 60
1 6322
1 250
1 483
1 1393
1 9400
1 4807
1 1823
1 64
1 1634
1 212
1 15890
1 17173
1 888
1 167
1 14814
1 3184
1 396
1 274
1 13758
1 1697
1 4478
1 4478
1 4547
1 6870
1 2558
1 941
1 337
1 8381
1 1475
1 2248
1 447
1 9036
1 671
1 11825
1 3712
1 670
1 3525
1 925
1 9563
1 5214
1 5189
1 865
1 4275
1 927
1 968
1 59
1 6641
1 1182
1 7617
1 1332
1 18867
1 10819
1 1432
1 10734
1 3944
1 8399
1 32
1 1400
1 1586
1 839
1 419
1 2625
1 1212
1 5788
1 9357
1 400
1 519
1 699
1 1502
1 10405
1 1147
1 1919
1 23
1 400
1 6181
1 10284
1 17447
1 303
1 601
1 2576
1 466
1 8832
1 3898
1 8967
1 267
1 1423
1 601
1 518
1 9104
1 4418
1 731
1 4372
1 6671
1 1012
1 1888
1 968
1 6974
1 2233
1 3505
1 511
1 7120
1 154
1 2539
1 3121
1 2859
1 4058
1 5565
1 6325
1 1888
1 84
1 4629
1 900
1 1631
1 15200
1 3871
1 8620
1 7553
1 11021
1 562
1 3228
1 70
1 9385
1 2144
1 999
1 3386
1 1001
1 1905
1 7619
1 74
1 6421
1 53
1 6008
1 41
1 4284
1 10942
1 4453
1 129
1 154
1 4510
1 3
1 831
1 692
1 715
1 1705
1 111
1 2059
1 380
1 129
1 2985
1 786
1 5240
1 1825
1 1386
1 9738
1 386
1 94
1 1655
1 1722
1 1381
1 409
1 3336
1 27
1 4066
1 5966
1 1906
1 2002
1 27
1 1607
1 2299
1 3117
1 3915
1 6777
1 19928
1 400
1 153
1 193
1 138
1 6129
1 5563
1 53
1 16675
1 3782
1 16694
1 1723
1 97
1 777
1 2251
1 4320
1 7723
1 825
1 4900
1 1438
1 153
1 7064
1 3881
1 4291
1 2696
1 2099
1 261
1 10868
1 1641
1 2322
1 5902
1 1091
1 2807
1 921
1 1540
1 856
1 2840
1 7291
1 4839
1 6226
1 1735
1 5804
1 392
1 15894
1 27
1 8367
1 255
1 13016
1 14478
1 12050
1 677
1 1167
1 1553
1 839
1 1592
1 265
1 265
1 2320
1 2106
1 16686
1 160
1 1017
1 652
1 6774
1 572
1 5196
1 1035
1 1440
1 6032
1 828
1 299
1 16793
1 1992
1 714
1 6011
1 5095
1 3704
1 174
1 4427
1 5128
1 3679
1 857
1 639
1 695
1 984
1 1463
1 7933
1 447
1 2548
1 15791
1 620
1 3883
1 3301
1 4388
1 2932
1 677
1 13926
1 3478
1 2671
1 849
1 1572
1 80
1 1124
1 4710
1 561
1 14455
1 7015
1 2390
1 5308
1 1528
1 3825
1 4751
1 5275
1 97
1 375
1 8130
1 2175
1 629
1 1115
1 6282
1 49
1 9511
1 1160
1 2586
1 11399
1 786
1 4888
1 217
1 1022
1 825
1 625
1 3041
1 3413
1 4754
1 716
1 4688
1 3359
1 26
1 3386
1 9397
1 53
1 500
1 714
1 708
1 573
1 3281
1 6083
1 3597
1 715
1 5896
1 3559
1 1414
1 1029
1 4374
1 8544
1 97
1 2320
1 3092
1 138
1 6290
1 11004
1 588
1 138
1 1367
1 3128
1 2314
1 5129
1 991
1 1607
1 2011
1 16806
1 7416
1 849
1 3907
1 2665
1 501
1 1970
1 2564
1 1547
1 3421
1 3566
1 156
1 3262
1 3477
1 3131
1 10385
1 423
1 1630
1 762
1 3328
1 888
1 14664
1 1340
1 8598
1 957
1 1446
1 536
1 64
1 1723
1 11840
1 954
1 876
1 921
1 2003
1 6015
1 1691
1 5240
1 1621
1 416
1 2061
1 2248
1 4550
1 10516
1 671
1 119
1 3198
1 1455
1 7086
1 4628
1 3209
1 2527
1 5595
1 533
1 7429
1 3994
1 9445
1 8
1 4506
1 224
1 954
1 436
1 371
1 1383
1 925
1 223
1 6870
1 19487
1 475
1 2381
1 382
1 3707
1 6022
1 3042
1 16482
1 8247
1 355
1 327
1 2149
1 1986
1 3918
1 2216
1 7562
1 12453
1 500
1 6024
1 5
1 19176
1 6914
1 3670
1 1235
1 153
1 2248
1 3461
1 3639
1 2160
1 305
1 1278
1 2875
1 14681
1 9601
1 337
1 145
1 2092
1 3393
1 521
1 523
1 1848
1 1807
1 8267
1 48
1 5305
1 71
1 836
1 5095
1 4860
1 999
1 3879
1 2381
1 772
1 123
1 3213
1 145
1 1659
1 7400
1 669
1 411
1 2166
1 3883
1 154
1 54
1 745
1 2060
1 18230
1 265
1 98
1 1888
1 523
1 3462
1 899
1 2489
1 507
1 62
1 5792
1 1709
1 3179
1 5240
1 1054
1 1788
1 717
1 278
1 3403
1 2709
1 684
1 823
1 11534
1 9014
1 6226
1 1897
1 3882
1 53
1 3205
1 3596
1 1077
1 9547
1 2815
1 4190
1 638
1 852
1 4243
1 2417
1 118
1 3321
1 18739
1 6092
1 1970
1 7339
1 138
1 5526
1 6676
1 8844
1 9611
1 10870
1 516
1 3131
1 5884
1 4986
1 16033
1 32
1 6302
1 925
1 6
1 2496
1 3557
1 527
1 98
1 1000
1 15191
1 5982
1 2274
1 5197
1 11574
1 5715
1 12025
1 3127
1 11022
1 1367
1 220
1 16048
1 495
1 575
1 660
1 1893
1 5217
1 2381
1 2503
1 31
1 6161
1 749
1 246
1 4275
1 1474
1 775
1 2138
1 8865
1 7955
1 2753
1 96
1 138
1 326
1 60
1 6777
1 4489
1 173
1 849
1 2549
1 195
1 2014
1 2250
1 3974
1 1921
1 1716
1 3374
1 4435
1 4901
1 15109
1 533
1 245
1 2320
1 8648
1 64
1 1411
1 4453
1 10633
1 3993
1 1044
1 2002
1 3131
1 5808
1 109
1 6071
1 382
1 1691
1 14339
1 5582
1 3484
1 820
1 4200
1 120
1 17571
1 325
1 61
1 10675
1 2954
1 319
1 203
1 1640
1 12250
1 455
1 131
1 7330
1 33
1 833
1 16694
1 2518
1 95
1 565
1 140
1 153
1 714
1 10276
1 13130
1 6683
1 10487
1 15287
1 2674
1 10863
1 519
1 24
1 31
1 5401
1 857
1 1043
1 10645
1 786
1 1209
1 358
1 5740
1 4353
1 1395
1 137
1 849
1 4595
1 8416
1 7015
1 1202
1 153
1 927
1 2379
1 4661
1 12040
1 758
1 356
1 6771
1 815
1 2879
1 3306
1 54
1 9222
1 10977
1 363
1 623
1 4094
1 1469
1 876
1 20468
1 4708
1 718
1 10627
1 264
1 716
1 3215
1 5214
1 6705
1 3905
1 844
1 227
1 8373
1 99
1 144
1 680
1 6226
1 2642
1 3190
1 4154
1 9759
1 457
1 14293
1 1040
1 286
1 57
1 3660
1 238
1 1928
1 5778
1 2013
1 659
1 2408
1 3704
1 12189
1 2059
1 6049
1 5356
1 7406
1 712
1 20537
1 9495
1 1957
1 493
1 4754
1 277
1 1716
1 5633
1 6013
1 4611
1 120
1 1640
1 3559
1 2960
1 236
1 5332
1 382
1 6092
1 9195
1 715
1 4645
1 402
1 38
1 4792
1 264
1 1361
1 3959
1 95
1 969
1 5322
1 23235
1 49
1 6810
1 516
1 69
1 1203
1 4305
1 169
1 138
1 2943
1 2478
1 6774
1 13578
1 1277
1 52
1 3461
1 13803
1 13599
1 565
1 7372
1 3066
1 10931
1 2005
1 1598
1 672
1 52
1 11655
1 3510
1 2495
1 460
1 1366
1 7187
1 318
1 5582
1 3665
1 97
1 653
1 16248
1 7444
1 8990
1 107
1 1782
1 869
1 920
1 11635
1 14111
1 145
1 5274
1 382
1 2679
1 3592
1 145
1 490
1 77
1 2140
1 1655
1 2060
1 510
1 7439
1 384
1 13056
1 305
1 1089
1 712
1 4300
1 3844
1 2790
1 1974
1 1182
1 3281
1 715
1 15284
1 22119
1 138
1 7029
1 42
1 6888
1 916
1 665
1 5671
1 4844
1 1855
1 2041
1 400
1 3416
1 252
1 62
1 1858
1 5518
1 322
1 337
1 2853
1 5727
1 118
1 3989
1 5215
1 59
1 1159
1 1990
1 4035
1 12549
1 1713
1 22021
1 356
1 831
1 18237
1 1374
1 843
1 2620
1 2248
1 6226
1 1212
1 97
1 5750
1 4152
1 565
1 8167
1 3993
1 2527
1 10761
1 376
1 8762
1 215
1 257
1 3878
1 1332
1 193
1 1010
1 153
1 3943
1 153
1 5234
1 1691
1 1205
1 3687
1 2085
1 12608
1 13061
1 54
1 1246
1 1334
1 19
1 2964
1 2353
1 5723
1 400
1 97
1 257
1 213
1 777
1 416
1 17650
1 3124
1 10990
1 4304
1 1121
1 2205
1 1640
1 1341
1 316
1 2556
1 2571
1 6401
1 2177
1 6775
1 11108
1 1338
1 1077
1 12922
1 6602
1 193
1 50
1 10513
1 2024
1 5028
1 34
1 650
1 11877
1 1038
1 569
1 15914
1 1209
1 265
1 1046
1 400
1 7843
1 5659
1 1040
1 2593
1 1651
1 6690
1 825
1 684
1 9460
1 4994
1 1287
1 1823
1 4470
1 20048
1 2140
1 8798
1 3777
1 887
1 4728
1 403
1 53
1 257
1 1346
1 138
1 33
1 9878
1 1370
1 53
1 3959
1 3206
1 52
1 12156
1 1393
1 4975
1 7180
1 4350
1 5734
1 1881
1 7163
1 4109
1 7372
1 852
1 8217
1 208
1 9222
1 2891
1 8869
1 1423
1 2440
1 1423
1 138
1 1322
1 3266
1 699
1 788
1 168
1 2478
1 704
1 1211
1 9513
1 51
1 9827
1 4447
1 2942
1 7555
1 305
1 607
1 4728
1 715
1 9197
1 3301
1 1638
1 4743
1 3430
1 1411
1 2061
1 660
1 2835
1 921
1 4710
1 631
1 6363
1 667
1 3898
1 236
1 715
1 145
1 2355
1 12098
1 2825
1 9571
1 1506
1 849
1 380
1 443
1 1882
1 1420
1 1391
1 2445
1 1000
1 14153
1 2397
1 6282
1 5210
1 192
1 88
1 3905
1 2111
1 7683
1 755
1 39
1 891
1 319
1 7082
1 1487
1 565
1 4313
1 284
1 3386
1 277
1 1610
1 49
1 6043
1 2316
1 2560
1 443
1 129
1 1846
1 66
1 7031
1 1616
1 699
1 138
1 2223
1 8292
1 153
1 2213
1 563
1 128
1 6645
1 10669
1 9423
1 1281
1 3701
1 382
1 2516
1 2494
1 2197
1 2630
1 8605
1 3078
1 3515
1 11133
1 1298
1 6071
1 1
1 352
1 5491
1 178
1 521
1 6352
1 5177
1 5338
1 9222
1 7848
1 13528
1 722
1 860
1 2336
1 672
1 4434
1 2759
1 14044
1 3752
1 1655
1 1652
1 8119
1 786
1 12158
1 6033
1 3042
1 1200
1 97
1 8329
1 695
1 5088
1 1082
1 367
1 3683
1 3232
1 15269
1 109
1 6656
1 600
1 1450
1 9222
1 1304
1 143
1 3502
1 674
1 6346
1 6738
1 1830
1 145
1 268
1 153
1 3092
1 3989
1 98
1 2671
1 2248
1 1846
1 49
1 71
1 2630
1 6609
1 7732
1 6116
1 10946
1 2472
1 3973
1 849
1 86
1 186
1 6312
1 2762
1 1114
1 715
1 9847
1 761
1 7447
1 1469
1 1023
1 311
1 5129
1 86
1 398
1 176
1 3827
1 7368
1 2671
1 12961
1 4279
1 4196
1 27
1 813
1 774
1 455
1 223
1 6168
1 11793
1 807
1 9616
1 3131
1 4961
1 138
1 3476
1 3061
1 343
1 1304
1 925
1 1691
1 1702
1 5804
1 6351
1 5124
1 648
1 337
1 1905
1 162
1 1848
1 287
1 23336
1 560
1 3625
1 3704
1 1339
1 27
1 1506
1 4515
1 1502
1 203
1 3592
1 1568
1 906
1 3566
1 5240
1 9274
1 6549
1 3704
1 351
1 1254
1 3863
1 10942
1 2710
1 1462
1 145
1 1716
1 32
1 2178
1 846
1 57
1 6767
1 3129
1 1304
1 853
1 4831
1 9843
1 6705
1 138
1 714
1 3352
1 257
1 7149
1 2990
1 5214
1 322
1 1691
1 3119
1 1211
1 1435
1 4911
1 846
1 3494
1 1012
1 143
1 9067
1 5282
1 2336
1 357
1 2119
1 2478
1 4574
1 117
1 349
1 46
1 4447
1 9710
1 6629
1 1586
1 2508
1 2041
1 11104
1 9971
1 17125
1 4754
1 134
1 6150
1 15184
1 414
1 8200
1 3726
1 7333
1 695
1 265
1 11251
1 10167
1 8982
1 4159
1 97
1 265
1 7874
1 6071
1 1281
1 192
1 934
1 286
1 1488
1 64
1 10616
1 11467
1 1521
1 265
1 53
1 15446
1 708
1 34
1 1342
1 2132
1 11752
1 6282
1 2042
1 1480
1 3119
1 625
1 3352
1 138
1 9465
1 2368
1 7820
1 233
1 7314
1 4238
1 468
1 5900
1 715
1 1370
1 1848
1 5808
1 17036
1 4729
1 9943
1 360
1 20
1 1012
1 787
1 4333
1 436
1 1814
1 287
1 3025
1 265
1 1888
1 2671
1 153
1 2010
1 3943
1 6154
1 1741
1 1368
1 4411
1 49
1 518
1 3117
1 5430
1 322
1 3329
1 13992
1 1506
1 3987
1 4015
1 11245
1 27
1 4058
1 1600
1 287
1 3551
1 12453
1 2304
1 217
1 2674
1 7528
1 51
1 5241
1 16413
1 746
1 2924
1 2924
1 7208
1 533
1 177
1 1082
1 5250
1 3655
1 71
1 2344
1 8971
1 11530
1 2918
1 11828
1 5545
1 92
1 54
1 968
1 12884
1 1417
1 579
1 8245
1 4151
1 1817
1 2443
1 12887
1 2382
1 8785
1 38
1 334
1 2889
1 1716
1 287
1 1041
1 2415
1 4718
1 57
1 193
1 10324
1 2990
1 1506
1 72
1 64
1 153
1 3224
1 7914
1 3205
1 8753
1 4669
1 12342
1 1607
1 1586
1 763
1 10063
1 10415
1 203
1 507
1 15239
1 902
1 32
1 13812
1 3892
1 5999
1 3379
1 1506
1 3961
1 1268
1 191
1 8882
1 2737
1 102
1 6191
1 9871
1 523
1 1423
1 12888
1 3268
1 2671
1 1888
1 1823
1 77
1 1129
1 1654
1 530
1 118
1 5518
1 1140
1 2511
1 138
1 610
1 102
1 652
1 2815
1 1423
1 746
1 906
1 6913
1 254
1 3433
1 138
1 3119
1 355
1 1539
1 7444
1 1586
1 4236
1 8383
1 1641
1 177
1 5512
1 257
1 545
1 189
1 560
1 3082
1 2808
1 1038
1 2734
1 1698
1 1539
1 2527
1 4223
1 34
1 9222
1 51
1 1888
1 207
1 4086
1 5466
1 1691
1 6181
1 1921
1 5338
1 10268
1 2513
1 2478
1 13853
1 3295
1 6437
1 7163
1 1121
1 1877
1 2617
1 6420
1 27
1 1023
1 560
1 779
1 80
1 6365
1 2482
1 5665
1 1957
1 1205
1 3041
1 6434
1 5891
1 2892
1 4876
1 272
1 440
1 8682
1 6413
1 138
1 4132
1 7738
1 4372
1 8000
1 2565
1 1521
1 2329
1 829
1 2583
1 3546
1 165
1 406
1 5175
1 4007
1 3701
1 520
1 120
1 2132
1 4353
1 2452
1 5747
1 7001
1 8804
1 807
1 65
1 362
1 1408
1 1314
1 564
1 1516
1 6226
1 264
1 351
1 1093
1 1462
1 95
1 3704
1 11289
1 12614
1 6556
1 160
1 7231
1 2324
1 400
1 1691
1 2983
1 16169
1 4134
1 136
1 2077
1 1804
1 2472
1 11111
1 36
1 1506
1 20277
1 2724
1 1481
1 1921
1 14830
1 1129
1 2281
1 3708
1 5057
1 2048
1 1576
1 3000
1 2381
1 226
1 59
1 6071
1 1279
1 6774
1 5982
1 15736
1 2084
1 1587
1 839
1 6226
1 4542
1 605
1 10990
1 677
1 12056
1 8795
1 9192
1 2149
1 13044
1 7320
1 145
1 7720
1 265
1 10445
1 8038
1 153
1 3070
1 1203
1 13160
1 2835
1 7120
1 764
1 3404
1 974
1 13198
1 4235
1 21395
1 1761
1 16651
1 660
1 2904
1 8325
1 568
1 3202
1 6125
1 1212
1 547
1 5273
1 2583
1 2223
1 671
1 19799
1 1760
1 3364
1 3446
1 4011
1 384
1 32
1 4401
1 2654
1 27
1 10199
1 640
1 7285
1 3336
1 80
1 1365
1 361
1 1921
1 2247
1 3511
1 1463
1 6388
1 9905
1 1897
1 305
1 11029
1 64
1 849
1 2132
1 9431
1 8918
1 13592
1 1483
1 264
1 493
1 138
1 1377
1 1374
1 1003
1 2990
1 1323
1 1484
1 516
1 213
1 1921
1 1562
1 80
1 7589
1 1752
1 13501
1 9168
1 213
1 9021
1 22059
1 481
1 3918
1 1218
1 2735
1 2681
1 860
1 7732
1 193
1 194
1 2181
1 4374
1 1488
1 1691
1 5014
1 265
1 2248
1 6356
1 248
1 2567
1 5221
1 3055
1 4501
1 11158
1 153
1 9481
1 1888
1 4197
1 2663
1 2747
1 8173
1 13751
1 1981
1 9432
1 257
1 7
1 8576
1 1155
1 6458
1 224
1 777
1 5235
1 138
1 128
1 242
1 3757
1 14075
1 2886
1 351
1 5030
1 2366
1 8971
1 153
1 15
1 6451
1 120
1 9864
1 2213
1 942
1 1016
1 9620
1 2084
1 578
1 9526
1 811
1 2642
1 89
1 2517
1 165
1 11500
1 823
1 4415
1 1413
1 236
1 2990
1 1600
1 138
1 5582
1 801
1 2203
1 6465
1 685
1 10944
1 2990
1 253
1 772
1 1592
1 4489
1 739
1 447
1 1960
1 20694
1 2835
1 2835
1 5831
1 2991
1 193
1 129
1 1452
1 4196
1 8820
1 2614
1 51
1 134
1 468
1 849
1 1620
1 3678
1 7107
1 4050
1 47
1 351
1 5788
1 1238
1 523
1 1227
1 1490
1 2592
1 138
1 11941
1 193
1 25
1 2970
1 3328
1 7448
1 780
1 44
1 5853
1 8997
1 1492
1 8046
1 862
1 984
1 633
1 516
1 98
1 1000
1 5258
1 9386
1 2349
1 2059
1 519
1 145
1 5756
1 869
1 10817
1 2336
1 618
1 97
1 1043
1 1685
1 1528
1 2643
1 2897
1 203
1 12099
1 12607
1 4710
1 700
1 5788
1 3994
1 2581
1 2527
1 4675
1 2938
1 5553
1 7871
1 1040
1 2395
1 99
1 6071
1 12071
1 2527
1 27
1 2075
1 7822
1 193
1 364
1 319
1 14269
1 5684
1 2137
1 3386
1 3296
1 8958
1 3546
1 3131
1 1094
1 319
1 13881
1 1024
1 5231
1 1506
1 11934
1 1107
1 8558
1 49
1 715
1 4153
1 2326
1 2059
1 3303
1 1677
1 1400
1 9222
1 853
1 101
1 5690
1 1434
1 4400
1 193
1 307
1 2738
1 160
1 233
1 7513
1 1474
1 2513
1 400
1 2347
1 98
1 12342
1 11860
1 507
1 2291
1 1052
1 518
1 1506
1 2475
1 6111
1 1012
1 5992
1 665
1 2493
1 7955
1 138
1 1527
1 3129
1 2729
1 2728
1 8035
1 51
1 118
1 1826
1 94
1 4875
1 456
1 2991
1 5165
1 699
1 7670
1 5656
1 1361
1 1142
1 4469
1 2946
1 3211
1 1144
1 631
1 6893
1 10584
1 1579
1 2674
1 262
1 13643
1 5055
1 1634
1 253
1 4030
1 54
1 1197
1 1907
1 14712
1 2404
1 1203
1 1196
1 259
1 2920
1 51
1 38
1 2233
1 10983
1 3134
1 1893
1 6485
1 1937
1 2679
1 911
1 3301
1 6586
1 1461
1 4488
1 4604
1 6649
1 7588
1 443
1 4792
1 2267
1 1234
1 3536
1 2486
1 84
1 1878
1 4638
1 851
1 1541
1 85
1 6857
1 1807
1 414
1 478
1 1723
1 1941
1 1188
1 4161
1 4660
1 1842
1 2581
1 2671
1 1921
1 1203
1 9350
1 2848
1 1761
1 1325
1 1897
1 3879
1 31
1 145
1 6095
1 179
1 4
1 74
1 10815
1 38
1 10296
1 272
1 1040
1 1339
1 906
1 612
1 4129
1 714
1 4626
1 95
1 7421
1 26
1 5375
1 137
1 2182
1 2572
1 9640
1 5891
1 1716
1 3640
1 670
1 44
1 8101
1 1407
1 1341
1 9
1 6914
1 4031
1 241
1 1736
1 3386
1 153
1 390
1 3868
1 645
1 1823
1 2841
1 978
1 2143
1 7471
1 5081
1 3000
1 3190
1 101
1 3000
1 5853
1 10061
1 14223
1 2676
1 13036
1 3124
1 6647
1 5165
1 5301
1 768
1 4726
1 261
1 3681
1 10942
1 1046
1 51
1 11614
1 5070
1 5788
1 1607
1 3131
1 1048
1 927
1 5397
1 15817
1 152
1 3918
1 25
1 2928
1 3331
1 7194
1 153
1 6891
1 86
1 385
1 4906
1 3960
1 264
1 9234
1 1011
1 516
1 4488
1 5165
1 71
1 49
1 5891
1 49
1 1453
1 714
1 3418
1 5538
1 2734
1 2379
1 8313
1 3896
1 3626
1 6134
1 309
1 4617
1 2067
1 3428
1 7376
1 5816
1 9268
1 11531
1 17487
1 1602
1 23341
1 4533
1 242
1 2553
1 4007
1 7034
1 199
1 3882
1 4209
1 11144
1 16868
1 18669
1 1226
1 3301
1 1357
1 269
1 666
1 265
1 6781
1 5085
1 5773
1 2931
1 12297
1 1905
1 4568
1 138
1 1076
1 10148
1 370
1 43
1 209
1 1248
1 690
1 316
1 21
1 629
1 849
1 9285
1 27
1 3314
1 17105
1 2335
1 13599
1 144
1 8356
1 1000
1 2248
1 7120
1 64
1 94
1 9603
1 1275
1 64
1 1465
1 2625
1 6788
1 10748
1 3901
1 1823
1 715
1 199
1 9198
1 633
1 6668
1 533
1 1816
1 2853
1 6052
1 1150
1 2527
1 401
1 680
1 5115
1 137
1 5554
1 1190
1 77
1 500
1 138
1 265
1 49
1 3584
1 1191
1 2433
1 59
1 40
1 6198
1 517
1 138
1 337
1 1022
1 1533
1 458
1 1836
1 7341
1 906
1 193
1 329
1 265
1 3788
1 6116
1 1722
1 675
1 626
1 716
1 5873
1 2830
1 9222
1 11720
1 8628
1 2133
1 4754
1 1897
1 400
1 38
1 4626
1 13171
1 13211
1 13569
1 8628
1 623
1 1307
1 9381
1 1186
1 199
1 2944
1 9783
1 1228
1 8648
1 13278
1 673
1 3117
1 4987
1 45
1 235
1 3604
1 2126
1 697
1 151
1 849
1 495
1 14009
1 4754
1 8899
1 1053
1 47
1 27
1 5572
1 4094
1 567
1 5109
1 1121
1 3886
1 7192
1 2551
1 757
1 4420
1 1198
1 6685
1 4651
1 1542
1 1592
1 5064
1 10107
1 1506
1 3558
1 1869
1 5295
1 8901
1 244
1 4533
1 12299
1 965
1 9329
1 2326
1 77
1 27
1 4002
1 2671
1 145
1 9898
1 6328
1 390
1 254
1 4899
1 2734
1 2898
1 1918
1 2796
1 5775
1 2991
1 11685
1 4067
1 364
1 2027
1 4447
1 587
1 63
1 153
1 3117
1 17
1 3901
1 1255
1 182
1 185
1 4079
1 99
1 1737
1 2478
1 6192
1 1942
1 257
1 2457
1 550
1 176
1 1043
1 716
1 977
1 3935
1 1908
1 11004
1 6774
1 3438
1 1582
1 3201
1 235
1 138
1 703
1 9152
1 5646
1 13165
1 265
1 12110
1 7374
1 4517
1 718
1 1020
1 1513
1 356
1 17487
1 49
1 30
1 3562
1 2415
1 49
1 857
1 11920
1 8275
1 5117
1 13137
1 1056
1 1474
1 3201
1 216
1 8687
1 3131
1 51
1 3308
1 2013
1 3625
1 5755
1 839
1 264
1 1012
1 3118
1 444
1 2322
1 9664
1 13257
1 10763
1 1367
1 7430
1 10345
1 3303
1 68
1 714
1 242
1 9431
1 2135
1 2728
1 44
1 471
1 516
1 7722
1 5967
1 2582
1 138
1 2172
1 93
1 5202
1 9242
1 2982
1 15477
1 684
1 14751
1 145
1 3476
1 6597
1 627
1 39
1 16053
1 1038
1 212
1 2409
1 20816
1 1244
1 10117
1 825
1 2469
1 6983
1 2990
1 984
1 2671
1 1155
1 1423
1 687
1 832
1 2118
1 6901
1 2944
1 337
1 5665
1 1901
1 5125
1 561
1 5724
1 2853
1 8707
1 16
1 2248
1 5692
1 605
1 5198
1 517
1 3115
1 988
1 2520
1 2610
1 1518
1 6529
1 504
1 13556
1 6364
1 7653
1 3040
1 114
1 1749
1 145
1 416
1 10627
1 1414
1 5217
1 4196
1 193
1 200
1 138
1 8299
1 3361
1 5982
1 54
1 153
1 903
1 8047
1 906
1 500
1 3582
1 6534
1 2759
1 2636
1 2753
1 3827
1 2671
1 1802
1 97
1 1292
1 714
1 2252
1 17487
1 872
1 158
1 3648
1 265
1 6454
1 249
1 764
1 11212
1 3919
1 9416
1 5788
1 2451
1 4432
1 1043
1 714
1 2209
1 4158
1 1275
1 3959
1 7653
1 51
1 1383
1 3871
1 3187
1 7718
1 1973
1 1030
1 407
1 4910
1 2326
1 12057
1 9222
1 11029
1 5610
1 7118
1 17
1 573
1 10868
1 1414
1 1063
1 246
1 904
1 1769
1 2005
1 6528
1 302
1 1158
1 2195
1 207
1 1181
1 3047
1 1697
1 3239
1 828
1 54
1 9853
1 3198
1 9810
1 42
1 2531
1 1460
1 1886
1 18306
1 433
1 454
1 1731
1 1053
1 4101
1 5202
1 4699
1 77
1 12790
1 355
1 1555
1 6458
1 7447
1 618
1 4369
1 3617
1 455
1 3625
1 257
1 342
1 187
1 5380
1 2637
1 145
1 2508
1 5986
1 11015
1 6092
1 2835
1 903
1 5300
1 10276
1 356
1 34
1 9574
1 10102
1 1274
1 64
1 4253
1 4423
1 851
1 17487
1 7374
1 138
1 543
1 4335
1 4333
1 2457
1 715
1 1232
1 5785
1 1452
1 94
1 3610
1 7584
1 138
1 454
1 3290
1 2038
1 997
1 1957
1 273
1 97
1 13456
1 2336
1 9222
1 382
1 1805
1 7582
1 265
1 6672
1 11934
1 1825
1 11655
1 443
1 516
1 12129
1 1506
1 2613
1 2613
1 265
1 3438
1 1731
1 9521
1 742
1 1619
1 695
1 236
1 5764
1 2248
1 9134
1 193
1 1586
1 7868
1 54
1 5750
1 10183
1 5186
1 10027
1 4910
1 4754
1 11071
1 154
1 31
1 3016
1 1954
1 33
1 1347
1 715
1 198
1 1281
1 435
1 255
1 1506
1 865
1 1534
1 3476
1 74
1 1506
1 13033
1 2430
1 15137
1 2551
1 3709
1 2332
1 3844
1 3865
1 6172
1 3386
1 1065
1 1770
1 4560
1 12342
1 6198
1 506
1 539
1 145
1 6161
1 78
1 3418
1 863
1 2472
1 13604
1 54
1 786
1 13
1 6038
1 8699
1 1927
1 20769
1 4960
1 382
1 2177
1 15069
1 9318
1 833
1 79
1 2771
1 2112
1 382
1 941
1 2622
1 487
1 3057
1 17203
1 533
1 18033
1 3562
1 5460
1 1598
1 1198
1 71
1 3864
1 1961
1 5516
1 8749
1 4038
1 5523
1 1193
1 355
1 5014
1 1800
1 7373
1 343
1 6664
1 27
1 1902
1 138
1 2728
1 3336
1 590
1 27
1 420
1 6044
1 10942
1 2777
1 7023
1 500
1 1078
1 108
1 617
1 429
1 10732
1 552
1 1561
1 3559
1 5436
1 238
1 265
1 53
1 2468
1 1823
1 186
1 1488
1 1032
1 8164
1 1037
1 4762
1 6870
1 6321
1 5565
1 4718
1 138
1 2053
1 345
1 8294
1 737
1 849
1 2848
1 512
1 1585
1 2743
1 8726
1 2284
1 2943
1 10069
1 1286
1 15
1 2034
1 638
1 138
1 166
1 2172
1 247
1 960
1 2829
1 51
1 876
1 16826
1 265
1 5086
1 3741
1 2021
1 576
1 944
1 3418
1 1196
1 921
1 14095
1 1926
1 1766
1 670
1 1450
1 468
1 1897
1 581
1 500
1 516
1 1246
1 833
1 4236
1 1099
1 1490
1 13529
1 1676
1 1038
1 2642
1 2140
1 6774
1 2680
1 11000
1 2191
1 400
1 2379
1 1823
1 714
1 2034
1 291
1 3710
1 660
1 6748
1 7206
1 18946
1 116
1 1347
1 10254
1 86
1 80
1 963
1 399
1 6586
1 1877
1 10655
1 2625
1 1823
1 138
1 4921
1 5206
1 8886
1 2026
1 245
1 1893
1 337
1 319
1 3829
1 3559
1 4654
1 265
1 712
1 12255
1 523
1 138
1 1354
1 199
1 2590
1 21
1 1020
1 3237
1 18141
1 775
1 3072
1 9972
1 6031
1 5746
1 10374
1 414
1 3418
1 4999
1 55
1 2738
1 1209
1 4797
1 4072
1 233
1 3205
1 3892
1 53
1 1905
1 631
1 4358
1 1203
1 3892
1 16052
1 482
1 1770
1 60
1 7584
1 12611
1 1956
1 8482
1 193
1 8290
1 1769
1 1272
1 918
1 16833
1 4641
1 1528
1 4357
1 1344
1 137
1 3959
1 7782
1 382
1 5581
1 2549
1 4677
1 1203
1 327
1 6198
1 507
1 2571
1 249
1 5923
1 471
1 561
1 1823
1 8
1 1607
1 1229
1 16026
1 6705
1 13690
1 60
1 3131
1 287
1 1294
1 3041
1 565
1 1849
1 10117
1 4503
1 153
1 409
1 3897
1 1771
1 1645
1 257
1 17672
1 5684
1 319
1 1855
1 15635
1 33
1 715
1 13961
1 2870
1 3527
1 1888
1 2679
1 6534
1 351
1 4660
1 4070
1 2075
1 2527
1 1562
1 6856
1 9481
1 6701
1 3310
1 5310
1 968
1 6226
1 1054
1 22516
1 6995
1 1988
1 927
1 3604
1 787
1 2808
1 7964
1 11773
1 726
1 686
1 1483
1 1474
1 138
1 956
1 5682
1 154
1 3644
1 460
1 204
1 7672
1 715
1 97
1 1905
1 500
1 2660
1 8714
1 699
1 1643
1 9014
1 535
1 5513
1 9222
1 10061
1 2813
1 1212
1 3350
1 4200
1 4150
1 10800
1 12884
1 951
1 1919
1 10461
1 4740
1 904
1 203
1 819
1 3183
1 523
1 7507
1 54
1 390
1 715
1 2011
1 6148
1 581
1 1012
1 360
1 3339
1 3242
1 631
1 153
1 127
1 10989
1 665
1 138
1 403
1 5030
1 255
1 5176
1 5644
1 52
1 341
1 1752
1 7778
1 46
1 9484
1 12770
1 2612
1 3117
1 5336
1 4360
1 1909
1 400
1 2003
1 874
1 1823
1 723
1 4296
1 2478
1 7607
1 8199
1 193
1 1610
1 3898
1 443
1 5428
1 786
1 9175
1 196
1 5202
1 6270
1 7665
1 1205
1 2581
1 10324
1 1961
1 7379
1 3016
1 423
1 2617
1 8263
1 1579
1 1514
1 201
1 277
1 1707
1 7447
1 1759
1 291
1 5000
1 4067
1 2245
1 3131
1 6383
1 3625
1 8038
1 4458
1 138
1 660
1 671
1 400
1 26
1 343
1 41
1 2513
1 5649
1 4574
1 287
1 1461
1 893
1 10589
1 365
1 4328
1 108
1 1286
1 1607
1 12114
1 8197
1 118
1 6641
1 2952
1 4780
1 5306
1 4708
1 830
1 1533
1 494
1 82
1 506
1 27
1 506
1 3022
1 1860
1 6619
1 19035
1 2698
1 14065
1 3034
1 28
1 4669
1 5952
1 233
1 263
1 2118
1 3237
1 1111
1 1606
1 7843
1 76
1 1479
1 193
1 2233
1 10990
1 8042
1 2815
1 5326
1 2679
1 675
1 80
1 5808
1 3330
1 1144
1 3580
1 4549
1 40
1 876
1 542
1 3580
1 7066
1 5943
1 85
1 7468
1 8803
1 82
1 1615
1 772
1 715
1 4636
1 9222
1 1488
1 6167
1 2572
1 118
1 3164
1 4261
1 8473
1 17436
1 390
1 1755
1 6205
1 8135
1 6483
1 3679
1 196
1 1608
1 3084
1 193
1 968
1 2121
1 546
1 3384
1 145
1 4366
1 3368
1 968
1 193
1 17362
1 679
1 356
1 3758
1 138
1 558
1 15404
1 2278
1 5090
1 99
1 258
1 5305
1 1506
1 638
1 111
1 20064
1 2291
1 8820
1 556
1 2767
1 4376
1 7802
1 3438
1 145
1 473
1 51
1 329
1 2950
1 8470
1 6593
1 2251
1 8990
1 3131
1 10305
1 6878
1 4297
1 1922
1 242
1 2233
1 3683
1 2129
1 71
1 2132
1 6903
1 16291
1 5687
1 4754
1 218
1 9
1 2003
1 888
1 1711
1 18061
1 5612
1 3438
1 954
1 327
1 309
1 3892
1 715
1 13599
1 12810
1 2706
1 118
1 1046
1 287
1 5105
1 5240
1 562
1 2943
1 2607
1 4634
1 2674
1 921
1 841
1 12490
1 7239
1 54
1 967
1 906
1 14749
1 1052
1 7181
1 138
1 2636
1 10193
1 2977
1 2617
1 343
1 2466
1 3386
1 154
1 1504
1 1272
1 9222
1 3918
1 322
1 2660
1 4019
1 5658
1 4895
1 2108
1 1603
1 9528
1 1961
1 3534
1 1763
1 631
1 321
1 362
1 153
1 513
1 1586
1 51
1 2513
1 8904
1 1212
1 7300
1 2823
1 984
1 5063
1 1376
1 1003
1 175
1 102
1 3131
1 10129
1 2710
1 1332
1 10275
1 3062
1 633
1 645
1 153
1 1244
1 4756
1 1191
1 102
1 831
1 616
1 5249
1 141
1 10442
1 9881
1 1012
1 3303
1 6478
1 5213
1 3533
1 857
1 38
1 872
1 648
1 1774
1 4991
1 249
1 1555
1 592
1 1906
1 2210
1 4773
1 3554
1 13
1 7333
1 3624
1 64
1 1452
1 11961
1 138
1 406
1 193
1 51
1 556
1 18859
1 827
1 538
1 516
1 138
1 2051
1 13194
1 715
1 6820
1 382
1 240
1 255
1 7066
1 8419
1 6645
1 546
1 382
1 14
1 1167
1 3675
1 2248
1 8023
1 865
1 9870
1 5424
1 665
1 74
1 2408
1 4019
1 283
1 290
1 6969
1 6641
1 1358
1 1851
1 1481
1 277
1 449
1 1667
1 4719
1 772
1 6641
1 67
1 1394
1 9370
1 35
1 1405
1 584
1 10217
1 5038
1 6245
1 2932
1 4307
1 2640
1 10935
1 6774
1 38
1 3845
1 4416
1 4533
1 1748
1 840
1 203
1 14331
1 16008
1 271
1 10324
1 3584
1 1429
1 3386
1 3595
1 838
1 965
1 6486
1 5245
1 153
1 12193
1 3655
1 1759
1 3503
1 6555
1 4754
1 252
1 899
1 932
1 6011
1 5840
1 1897
1 1475
1 5880
1 1218
1 715
1 1533
1 3080
1 55
1 5805
1 5918
1 6226
1 4011
1 12172
1 1012
1 1691
1 2977
1 4848
1 1260
1 54
1 3451
1 145
1 5632
1 4555
1 779
1 1427
1 4970
1 400
1 1721
1 49
1 787
1 1691
1 6586
1 715
1 1893
1 2807
1 1506
1 1118
1 7533
1 6226
1 2660
1 1691
1 145
1 3016
1 9222
1 4937
1 3281
1 737
1 2932
1 1
1 2858
1 3368
1 908
1 6206
1 1984
1 198
1 1367
1 1275
1 193
1 2205
1 2580
1 2763
1 277
1 1827
1 2013
1 14864
1 2029
1 2478
1 2381
1 2474
1 74
1 2389
1 9009
1 6190
1 6082
1 20468
1 5223
1 400
1 6147
1 1528
1 3803
1 4423
1 2762
1 6914
1 8257
1 4304
1 4503
1 14961
1 3511
1 948
1 2242
1 1005
1 7750
1 7738
1 1023
1 851
1 193
1 390
1 3113
1 900
1 1423
1 7085
1 138
1 13092
1 153
1 2679
1 674
1 105
1 1278
1 365
1 9152
1 560
1 8147
1 6912
1 699
1 1633
1 3584
1 1586
1 3108
1 1823
1 2502
1 210
1 5320
1 5472
1 6282
1 2660
1 8210
1 2233
1 275
1 5977
1 3681
1 1967
1 10284
1 691
1 6379
1 224
1 1230
1 3113
1 3131
1 138
1 6022
1 3533
1 5950
1 6198
1 958
1 663
1 3533
1 2471
1 9222
1 4549
1 11252
1 64
1 71
1 894
1 74
1 561
1 8237
1 1588
1 711
1 4357
1 1506
1 5960
1 738
1 1348
1 797
1 10317
1 3675
1 6663
1 2081
1 236
1 954
1 3866
1 1423
1 502
1 4710
1 45
1 3631
1 844
1 1440
1 1155
1 4357
1 8535
1 159
1 26
1 9535
1 352
1 3989
1 1608
1 2228
1 451
1 1392
1 495
1 357
1 582
1 2342
1 533
1 265
1 193
1 193
1 1907
1 714
1 3154
1 8760
1 2002
1 2642
1 11008
1 19294
1 999
1 2629
1 1012
1 12384
1 50
1 798
1 1195
1 523
1 2035
1 9571
1 4712
1 1012
1 3282
1 2131
1 984
1 291
1 679
1 1012
1 8776
1 6705
1 348
1 843
1 825
1 138
1 1391
1 876
1 1077
1 3696
1 97
1 11304
1 941
1 2965
1 1544
1 3070
1 1197
1 1474
1 233
1 581
1 3153
1 1316
1 355
1 8290
1 3473
1 1527
1 2687
1 915
1 712
1 3438
1 54
1 23611
1 1339
1 337
1 1644
1 888
1 3610
1 3636
1 510
1 2608
1 7818
1 5117
1 2397
1 849
1 9831
1 4470
1 2583
1 485
1 6949
1 1267
1 5030
1 857
1 3117
1 7317
1 4138
1 15580
1 4880
1 14074
1 326
1 3853
1 7556
1 44
1 1515
1 715
1 3958
1 324
1 76
1 555
1 2944
1 671
1 4641
1 2593
1 12627
1 2474
1 8464
1 120
1 15615
1 6943
1 6401
1 51
1 1561
1 9992
1 3949
1 109
1 3981
1 6226
1 1310
1 255
1 242
1 523
1 904
1 445
1 1211
1 1205
1 5788
1 3635
1 0
1 1835
1 317
1 831
1 478
1 701
1 54
1 865
1 95
1 1905
1 110
1 225
1 14066
1 533
1 1918
1 737
1 5982
1 4560
1 535
1 8648
1 10800
1 2874
1 13327
1 118
1 786
1 5550
1 3700
1 1578
1 1033
1 3960
1 1776
1 13815
1 784
1 10254
1 3452
1 5404
1 5725
1 715
1 3396
1 1823
1 1568
1 95
1 89
1 2003
1 33
1 5563
1 9222
1 153
1 2156
1 3386
1 904
1 1769
1 714
1 7356
1 2985
1 13627
1 3865
1 786
1 624
1 2391
1 400
1 3303
1 31
1 2481
1 5362
1 856
1 3345
1 49
1 849
1 49
1 716
1 160
1 3827
1 3341
1 715
1 938
1 1254
1 3016
1 860
1 883
1 4542
1 20
1 2481
1 455
1 139
1 8576
1 3777
1 3477
1 3959
1 6201
1 461
1 1043
1 4213
1 4268
1 925
1 637
1 1528
1 1634
1 2003
1 13339
1 1823
1 4402
1 712
1 6171
1 6771
1 849
1 276
1 2829
1 7253
1 1812
1 7162
1 5285
1 11281
1 809
1 15943
1 723
1 3131
1 778
1 1506
1 265
1 912
1 2923
1 2700
1 2872
1 2275
1 5355
1 715
1 2625
1 813
1 3386
1 3623
1 107
1 237
1 3989
1 350
1 14255
1 426
1 6226
1 3131
1 1981
1 5014
1 5440
1 510
1 527
1 1860
1 1506
1 2727
1 2861
1 10079
1 2182
1 932
1 4844
1 9511
1 10840
1 1082
1 1275
1 168
1 11673
1 6574
1 8038
1 412
1 228
1 1919
1 207
1 7597
1 1483
1 4505
1 455
1 2322
1 231
1 252
1 2762
1 8189
1 2985
1 351
1 857
1 10302
1 1888
1 588
1 101
1 2087
1 3791
1 6181
1 16021
1 4359
1 408
1 1390
1 80
1 8084
1 3339
1 33
1 3131
1 2291
1 80
1 193
1 153
1 6914
1 193
1 3958
1 10301
1 5145
1 4569
1 562
1 1577
1 712
1 201
1 3386
1 3386
1 4722
1 1888
1 382
1 2571
1 1658
1 2644
1 758
1 1226
1 9522
1 1905
1 6303
1 236
1 7180
1 384
1 3131
1 12632
1 80
1 714
1 13523
1 1035
1 818
1 1200
1 3301
1 3973
1 1961
1 9843
1 5752
1 10942
1 2332
1 832
1 2607
1 138
1 54
1 509
1 246
1 155
1 3892
1 3927
1 275
1 4883
1 2837
1 138
1 511
1 27
1 63
1 715
1 193
1 629
1 5064
1 6421
1 2475
1 9585
1 677
1 1065
1 19940
1 11934
1 3610
1 1293
1 7148
1 979
1 3332
1 9596
1 10011
1 523
1 3355
1 1040
1 8407
1 7049
1 1537
1 477
1 249
1 12207
1 7524
1 2473
1 2183
1 954
1 2171
1 3131
1 46
1 1022
1 2172
1 5798
1 1778
1 153
1 3301
1 4229
1 1573
1 129
1 2802
1 1588
1 1121
1 97
1 647
1 786
